74
1 01 02 05 20 27 33 27/01/01
2 01 02 11 15 32 34 03/02/01
3 11 13 27 30 32 39 10/02/01
4 15 20 21 29 32 44 17/02/01
5 03 06 16 22 38 44 24/02/01
6 17 21 26 31 39 40 03/03/01
7 01 12 22 29 31 33 10/03/01
8 05 14 18 38 40 45 17/03/01
9 04 19 25 28 39 41 24/03/01
10 01 06 13 18 25 41 31/03/01
11 01 03 15 18 27 37 07/04/01
12 03 06 13 24 29 31 14/04/01
13 04 14 15 17 21 25 21/04/01
14 01 10 19 33 36 40 28/04/01
15 05 10 21 26 34 40 05/05/01
16 04 06 15 20 32 43 12/05/01
17 01 18 19 21 39 43 19/05/01
18 17 24 30 38 43 44 26/05/01
19 08 15 23 29 30 37 02/06/01
20 06 07 12 13 16 25 09/06/01
21 03 10 11 14 36 41 16/06/01
22 02 05 15 21 31 41 23/06/01
23 09 28 33 34 38 45 30/06/01
24 12 20 23 32 37 40 07/07/01
25 09 11 21 34 39 42 11/07/01
26 08 24 33 36 38 44 14/07/01
27 14 18 21 22 28 34 18/07/01
28 09 18 21 28 41 43 21/07/01
29 5 10 18 24 30 44 25/07/01
30 11 12 21 36 40 41 28/07/01
31 13 19 21 24 40 43 01/08/01
32 11 15 26 32 35 36 04/08/01
33 10 11 21 30 44 45 08/08/01
34 13 16 21 25 29 43 11/08/01
35 03 12 14 37 40 44 15/08/01
36 01 16 19 25 38 44 18/08/01
37 02 04 09 16 17 23 22/08/01
38 04 05 08 13 15 36 25/08/01
39 03 04 09 10 12 42 29/08/01
40 13 23 25 27 38 40 01/09/01
41 24 27 36 37 41 43 05/09/01
42 14 18 22 28 32 35 08/09/01
43 18 28 30 32 34 37 12/09/01
44 01 06 07 12 27 34 15/09/01
45 04 15 25 29 30 44 19/09/01
46 02 14 21 28 33 37 22/09/01
47 01 07 11 12 24 39 26/09/01
48 04 09 13 28 32 43 29/09/01
49 01 06 11 13 19 36 03/10/01
50 08 15 16 22 34 38 06/10/01
51 14 17 28 37 41 43 10/10/01
52 15 24 25 33 37 43 13/10/01
53 02 12 14 18 31 45 17/10/01
54 13 15 22 28 30 38 20/10/01
55 13 17 27 31 39 42 24/10/01
56 02 18 22 33 35 45 27/10/01
57 05 07 10 15 16 22 31/10/01
58 03 15 20 28 30 40 03/11/01
59 02 08 24 26 36 45 07/11/01
60 11 13 16 34 37 40 10/11/01
61 07 09 22 25 32 37 14/11/01
62 19 21 23 24 31 44 17/11/01
63 06 18 25 29 31 42 21/11/01
64 19 20 22 32 41 45 24/11/01
65 16 17 19 29 31 33 28/11/01
66 17 22 24 28 34 37 01/12/01
67 17 19 20 21 34 35 05/12/01
68 02 09 27 33 36 41 08/12/01
69 05 07 17 29 31 32 12/12/01
70 03 13 27 33 42 43 15/12/01
71 11 13 16 33 39 40 19/12/01
72 01 09 14 15 25 43 22/12/01
73 06 12 30 33 38 43 26/12/01
74 08 10 12 24 28 31 29/12/01
