103
75 12 14 30 32 38 41 02/01/02
76 19 20 21 22 23 33 05/01/02
77 02 09 19 27 33 45 09/01/02
78 01 21 29 30 36 42 12/01/02
79 06 07 17 33 39 44 16/01/02
80 09 10 31 38 42 44 19/01/02
81 02 07 17 32 41 44 23/01/02
82 02 04 16 28 33 34 26/01/02
83 10 16 20 26 35 37 30/01/02
84 01 10 21 23 33 38 02/02/02
85 06 11 23 24 36 42 06/02/02
86 06 07 09 15 19 33 09/02/02
87 01 05 07 10 16 32 13/02/02
88 18 23 24 34 37 42 16/02/02
89 03 06 26 33 34 44 20/02/02
90 16 21 27 35 39 42 23/02/02
91 04 05 28 39 42 44 27/02/02
92 06 11 18 28 29 42 02/03/02
93 09 14 18 30 32 37 06/03/02
94 08 16 25 26 27 39 09/03/02
95 05 07 23 29 30 40 13/03/02
96 01 03 24 28 32 43 16/03/02
97 01 04 18 27 34 42 20/03/02
98 03 19 24 29 41 45 23/03/02
99 06 12 26 30 35 37 27/03/02
100 09 22 30 33 38 41 30/03/02
101 14 16 17 26 28 41 03/04/02
102 09 10 24 26 33 40 06/04/02
103 14 28 30 31 37 39 10/04/02
104 01 16 18 36 39 40 13/04/02
105 12 15 24 30 39 42 17/04/02
106 01 04 27 30 36 42 20/04/02
107 16 19 20 23 24 28 24/04/02
108 06 13 18 21 30 36 27/04/02
109 06 12 36 42 43 44 04/05/02
110 03 12 16 26 30 41 08/05/02
111 08 15 19 25 30 36 11/05/02
112 01 18 23 27 30 34 15/05/02
113 05 06 12 27 40 41 18/05/02
114 03 11 26 40 42 45 22/05/02
115 08 12 25 33 36 38 25/05/02
116 01 02 12 15 25 36 29/05/02
117 05 06 13 16 37 39 01/06/02
118 05 06 25 27 35 38 05/06/02
119 02 03 15 20 32 37 08/06/02
120 08 11 13 29 42 45 12/06/02
121 01 08 10 22 35 44 15/06/02
122 02 20 24 28 31 38 19/06/02
123 06 17 30 31 35 38 22/06/02
124 08 25 31 35 39 44 26/06/02
125 13 21 22 28 29 45 29/06/02
126 03 26 35 40 43 45 03/07/02
127 01 11 16 20 40 41 06/07/02
128 01 27 36 38 41 43 10/07/02
129 01 03 06 07 24 41 13/07/02
130 04 08 13 27 41 43 17/07/02
131 02 18 26 27 36 44 20/07/02
132 07 12 15 26 28 35 24/07/02
133 04 09 20 22 37 44 27/07/02
134 05 08 13 18 19 24 31/07/02
135 02 04 09 12 42 44 03/08/02
136 08 14 21 28 30 43 07/08/02
137 01 03 12 19 27 42 10/08/02
138 05 09 10 14 18 31 14/08/02
139 09 10 22 23 28 32 17/08/02
140 12 15 16 19 42 44 21/08/02
141 15 18 19 38 40 42 24/08/02
142 15 16 26 33 38 44 28/08/02
143 03 09 12 34 35 45 31/08/02
144 08 13 21 34 41 42 04/09/02
145 05 09 10 18 29 45 07/09/02
146 01 06 23 30 33 38 11/09/02
147 08 17 19 25 39 42 14/09/02
148 06 18 19 23 32 33 18/09/02
149 04 11 19 26 27 35 21/09/02
150 10 20 21 23 28 35 25/09/02
151 16 18 22 40 41 43 28/09/02
152 03 05 09 15 31 37 02/10/02
153 06 30 37 38 42 44 05/10/02
154 16 20 26 35 41 42 09/10/02
155 08 11 23 30 40 45 12/10/02
156 05 15 18 34 35 36 16/10/02
157 03 04 10 11 17 30 19/10/02
158 06 14 16 18 20 26 23/10/02
159 01 07 11 15 17 24 26/10/02
160 02 24 27 32 39 44 30/10/02
161 17 21 27 28 43 44 02/11/02
162 02 04 14 32 35 38 06/11/02
163 04 05 19 24 31 35 09/11/02
164 03 13 32 39 40 41 13/11/02
165 03 05 11 15 23 27 16/11/02
166 01 09 10 28 32 37 20/11/02
167 11 13 17 33 37 42 23/11/02
168 11 16 26 30 35 44 27/11/02
169 10 16 35 37 41 43 30/11/02
170 02 04 11 22 29 33 04/12/02
171 15 22 29 42 44 45 07/12/02
172 26 28 30 31 32 42 11/12/02
173 02 09 16 25 32 35 14/12/02
174 12 15 21 27 38 45 18/12/02
175 03 15 19 24 25 38 21/12/02
176 06 12 13 25 31 44 25/12/02
177 04 07 23 39 40 45 28/12/02
