105
178 03 05 11 14 24 27 01/01/03
179 08 11 14 28 41 43 04/01/03
180 05 13 20 30 33 39 08/01/03
181 03 05 07 09 16 29 11/01/03
182 05 13 17 23 24 25 15/01/03
183 04 07 26 36 37 43 18/01/03
184 04 10 14 21 33 43 22/01/03
185 07 18 21 30 31 39 25/01/03
186 11 17 23 24 25 38 29/01/03
187 10 11 16 25 31 40 01/02/03
188 05 20 21 25 30 42 05/02/03
189 02 04 08 23 27 32 08/02/03
190 03 10 20 33 35 36 12/02/03
191 19 21 32 33 42 44 15/02/03
192 01 03 11 14 28 34 19/02/03
193 13 18 23 31 36 42 22/02/03
194 03 04 19 21 26 29 26/02/03
195 01 05 16 19 25 42 01/03/03
196 03 04 06 07 26 29 05/03/03
197 03 05 28 40 44 45 08/03/03
198 05 07 12 17 19 21 12/03/03
199 03 05 10 31 40 41 15/03/03
200 05 17 20 22 36 38 19/03/03
201 03 10 17 31 38 39 22/03/03
202 17 23 24 26 41 43 26/03/03
203 01 02 18 23 34 38 29/03/03
204 16 28 33 35 41 42 02/04/03
205 04 20 25 26 28 40 05/04/03
206 15 16 29 31 34 41 09/04/03
207 07 12 17 33 39 40 12/04/03
208 05 07 16 30 33 40 16/04/03
209 13 22 32 33 39 45 19/04/03
210 10 15 19 34 36 43 23/04/03
211 02 22 25 26 32 37 26/04/03
212 03 10 13 15 31 42 30/04/03
213 08 13 20 21 24 26 03/05/03
214 14 22 23 35 41 44 07/05/03
215 27 28 33 39 42 43 10/05/03
216 09 19 25 28 34 45 14/05/03
217 07 09 14 19 30 32 17/05/03
218 14 15 19 20 38 44 21/05/03
219 01 09 11 19 25 45 24/05/03
220 03 08 15 16 19 20 28/05/03
221 01 20 24 27 32 40 31/05/03
222 01 02 06 15 32 40 04/06/03
223 04 14 25 32 34 36 07/06/03
224 01 04 11 13 19 25 11/06/03
225 01 11 26 34 39 41 14/06/03
226 07 19 24 35 39 45 18/06/03
227 28 30 33 34 35 44 21/06/03
228 20 23 33 37 40 42 25/06/03
229 03 11 17 26 28 38 28/06/03
230 04 14 20 27 30 33 02/07/03
231 12 17 22 26 27 36 05/07/03
232 01 02 23 28 32 40 09/07/03
233 09 24 27 28 32 39 12/07/03
234 02 03 05 15 26 43 16/07/03
235 10 19 24 27 28 36 19/07/03
236 14 23 26 30 36 41 23/07/03
237 03 22 23 31 36 37 26/07/03
238 09 22 26 35 40 43 30/07/03
239 02 05 07 12 28 30 02/08/03
240 01 03 07 12 40 45 06/08/03
241 03 09 16 17 37 44 09/08/03
242 05 16 22 26 27 44 13/08/03
243 07 18 23 30 31 37 16/08/03
244 08 11 15 16 42 43 20/08/03
245 04 06 26 36 37 38 23/08/03
246 02 11 16 18 20 42 27/08/03
247 07 08 09 14 32 42 30/08/03
248 14 15 16 19 23 29 03/09/03
249 02 03 24 32 42 44 06/09/03
250 06 09 10 21 28 31 10/09/03
251 06 18 22 27 37 40 13/09/03
252 19 20 26 41 42 44 17/09/03
253 08 14 18 22 28 40 20/09/03
254 10 21 24 26 30 44 24/09/03
255 02 07 09 17 28 41 27/09/03
256 03 04 06 14 15 25 01/10/03
257 21 23 27 33 40 45 04/10/03
258 07 20 33 36 39 42 08/10/03
259 06 12 21 32 36 43 11/10/03
260 03 04 11 27 35 38 15/10/03
261 02 10 12 18 29 42 18/10/03
262 11 27 32 39 42 45 22/10/03
263 03 10 12 21 23 28 25/10/03
264 03 21 28 30 32 38 29/10/03
265 10 21 22 24 25 44 01/11/03
266 15 19 31 32 39 43 05/11/03
267 01 11 14 16 17 18 08/11/03
268 01 07 08 19 29 34 12/11/03
269 03 04 17 20 23 30 15/11/03
270 04 12 13 25 38 42 19/11/03
271 05 07 12 14 35 43 22/11/03
272 10 24 29 40 42 44 26/11/03
273 02 25 30 33 43 45 29/11/03
274 02 05 10 31 35 41 03/12/03
275 05 07 11 26 31 32 06/12/03
276 02 05 06 16 21 33 10/12/03
277 02 13 16 20 22 43 13/12/03
278 27 33 34 40 41 43 17/12/03
279 05 07 16 20 29 42 20/12/03
280 17 20 23 24 28 37 24/12/03
281 04 10 21 24 27 32 27/12/03
282 02 16 20 21 26 29 31/12/03
