104
283 21 22 27 31 41 42 03/01/04
284 07 09 15 26 37 41 07/01/04
285 03 04 13 30 31 36 10/01/04
286 02 05 13 16 31 34 14/01/04
287 13 19 28 34 36 45 17/01/04
288 01 06 14 15 18 44 21/01/04
289 11 12 25 31 36 37 24/01/04
290 17 21 23 25 28 36 28/01/04
291 06 08 29 35 43 45 31/01/04
292 02 13 16 22 39 41 04/02/04
293 06 08 17 32 34 42 07/02/04
294 03 19 20 24 37 45 11/02/04
295 16 21 22 27 38 43 14/02/04
296 05 09 14 17 21 41 18/02/04
297 03 06 07 13 21 28 21/02/04
298 01 03 20 32 37 45 25/02/04
299 14 18 19 30 35 41 28/02/04
300 12 25 28 33 35 43 03/03/04
301 01 04 07 24 36 43 06/03/04
302 09 15 18 19 22 43 10/03/04
303 03 06 20 22 33 36 13/03/04
304 02 07 15 26 33 36 17/03/04
305 06 07 30 37 41 43 20/03/04
306 06 31 32 36 42 45 24/03/04
307 09 18 21 29 37 41 27/03/04
308 05 25 37 40 42 43 31/03/04
309 14 18 22 31 37 44 03/04/04
310 10 12 26 30 31 38 07/04/04
311 14 18 20 21 37 43 10/04/04
312 01 02 13 21 29 34 14/04/04
313 05 08 09 24 35 44 17/04/04
314 11 15 22 26 28 43 21/04/04
315 06 22 24 33 40 44 24/04/04
316 10 15 23 24 38 40 28/04/04
317 10 25 30 36 40 45 01/05/04
318 02 08 15 27 35 44 05/05/04
319 10 16 21 31 42 43 08/05/04
320 02 06 12 25 35 37 12/05/04
321 06 09 19 34 35 38 15/05/04
322 09 15 34 35 37 42 19/05/04
323 04 09 24 27 29 31 22/05/04
324 04 18 21 32 36 39 26/05/04
325 04 10 14 24 26 38 29/05/04
326 05 12 14 24 36 44 02/06/04
327 01 02 07 13 35 44 05/06/04
328 03 05 07 18 31 40 09/06/04
329 11 14 15 16 20 31 12/06/04
330 17 21 31 33 36 40 16/06/04
331 16 23 24 28 32 44 19/06/04
332 06 08 15 19 36 37 23/06/04
333 08 12 31 33 40 45 26/06/04
334 03 09 12 13 37 40 30/06/04
335 18 23 31 35 38 45 03/07/04
336 08 10 16 19 23 41 07/07/04
337 01 26 27 28 37 39 10/07/04
338 04 09 14 26 27 33 14/07/04
339 05 13 21 22 33 43 17/07/04
340 07 17 20 22 34 37 21/07/04
341 05 16 21 24 26 29 24/07/04
342 01 11 19 27 38 41 28/07/04
343 02 06 09 31 32 36 31/07/04
344 08 11 14 28 31 43 04/08/04
345 07 15 21 22 28 34 07/08/04
346 04 05 12 33 40 43 11/08/04
347 07 09 19 21 29 43 14/08/04
348 16 24 38 40 42 44 18/08/04
349 03 06 24 29 31 37 21/08/04
350 02 10 17 29 33 42 25/08/04
351 06 17 19 22 28 41 28/08/04
352 12 22 25 26 33 42 01/09/04
353 02 10 11 24 42 44 04/09/04
354 21 33 36 37 40 45 08/09/04
355 05 13 16 26 28 31 11/09/04
356 04 09 11 37 39 41 15/09/04
357 18 21 33 36 37 42 18/09/04
358 03 15 24 31 36 39 22/09/04
359 24 30 31 33 34 39 25/09/04
360 01 05 08 33 35 42 29/09/04
361 16 17 21 35 39 41 02/10/04
362 08 10 21 22 39 44 06/10/04
363 02 34 37 42 44 45 09/10/04
364 05 06 19 21 29 36 13/10/04
365 08 14 19 25 26 37 16/10/04
366 11 26 29 36 38 45 20/10/04
367 04 13 14 22 33 38 23/10/04
368 07 24 28 32 36 44 27/10/04
369 07 16 23 38 41 45 30/10/04
370 08 29 36 38 44 45 03/11/04
371 04 08 14 23 25 31 06/11/04
372 03 04 06 12 21 43 10/11/04
373 02 03 06 13 16 26 13/11/04
374 08 12 29 34 35 37 17/11/04
375 03 10 12 14 38 45 20/11/04
376 10 15 18 21 28 35 24/11/04
377 10 20 27 29 33 44 27/11/04
378 05 08 11 21 42 45 01/12/04
379 20 22 31 38 44 45 04/12/04
380 05 06 12 14 18 40 08/12/04
381 02 15 24 28 30 37 11/12/04
382 03 13 29 33 43 44 15/12/04
383 11 12 25 30 37 42 18/12/04
384 11 20 25 37 42 45 22/12/04
385 18 20 28 39 40 41 25/12/04
386 11 16 18 20 42 45 29/12/04
