105
387 21 25 34 37 44 45 01/01/05
388 01 07 21 23 40 41 05/01/05
389 15 16 18 20 35 36 08/01/05
390 07 22 27 34 35 42 12/01/05
391 02 25 28 31 38 44 15/01/05
392 04 14 25 30 39 43 19/01/05
393 03 04 11 14 30 32 22/01/05
394 02 08 17 26 35 40 26/01/05
395 13 24 27 33 35 42 29/01/05
396 05 11 15 16 20 32 02/02/05
397 06 14 16 26 36 40 05/02/05
398 11 18 24 25 29 40 09/02/05
399 03 23 28 33 35 40 12/02/05
400 07 14 21 27 33 43 16/02/05
401 06 13 26 39 41 42 19/02/05
402 14 17 21 25 36 38 23/02/05
403 04 15 17 27 35 37 26/02/05
404 04 16 29 32 33 38 02/03/05
405 01 08 23 24 26 45 05/03/05
406 05 10 12 25 30 35 09/03/05
407 07 10 29 33 35 43 12/03/05
408 03 16 18 30 36 43 16/03/05
409 05 10 32 38 40 43 19/03/05
410 08 10 13 14 15 36 23/03/05
411 07 17 26 39 41 42 26/03/05
412 01 13 15 26 30 38 30/03/05
413 08 18 21 24 39 40 02/04/05
414 03 05 12 20 34 45 06/04/05
415 15 22 25 30 37 38 09/04/05
416 06 14 15 16 26 41 13/04/05
417 17 18 19 26 34 38 16/04/05
418 01 04 09 10 17 41 20/04/05
419 05 21 23 31 34 43 23/04/05
420 02 06 08 29 33 44 27/04/05
421 08 16 18 19 24 44 30/04/05
422 01 04 07 11 17 20 04/05/05
423 08 09 12 30 37 39 07/05/05
424 07 09 10 33 38 40 11/05/05
425 03 13 14 28 34 40 14/05/05
426 03 11 19 20 21 36 18/05/05
427 05 13 20 30 42 44 21/05/05
428 04 11 23 31 32 36 25/05/05
429 05 10 16 18 29 36 28/05/05
430 01 04 25 31 34 42 01/06/05
431 07 12 14 15 27 32 04/06/05
432 01 08 23 24 35 44 08/06/05
433 04 10 13 14 23 24 11/06/05
434 02 03 12 13 16 31 15/06/05
435 07 08 12 21 37 45 18/06/05
436 14 16 25 31 36 38 22/06/05
437 02 03 13 33 35 43 25/06/05
438 09 10 13 20 31 33 29/06/05
439 10 11 19 27 43 44 02/07/05
440 04 10 13 15 19 41 06/07/05
441 03 08 13 24 27 35 09/07/05
442 07 10 12 24 25 27 13/07/05
443 08 16 18 25 30 44 16/07/05
444 04 14 24 30 41 43 20/07/05
445 02 06 08 32 35 43 23/07/05
446 05 23 24 27 30 43 27/07/05
447 04 11 22 26 29 33 30/07/05
448 02 03 04 15 19 42 03/08/05
449 02 14 22 32 33 43 06/08/05
450 02 05 09 20 24 33 10/08/05
451 02 04 23 26 30 32 13/08/05
452 05 18 19 30 31 42 17/08/05
453 01 06 17 32 33 34 20/08/05
454 06 13 25 27 37 39 24/08/05
455 01 03 12 18 21 24 27/08/05
456 02 12 18 22 43 45 31/08/05
457 03 07 11 17 26 27 03/09/05
458 10 19 32 43 44 45 07/09/05
459 12 13 19 41 42 45 10/09/05
460 03 12 21 27 29 43 14/09/05
461 06 08 15 24 31 34 17/09/05
462 03 05 22 26 31 35 21/09/05
463 06 07 34 37 38 43 24/09/05
464 02 03 04 18 35 41 28/09/05
465 04 07 11 18 27 31 01/10/05
466 04 13 18 22 27 42 05/10/05
467 02 15 16 24 28 30 08/10/05
468 10 14 18 22 27 45 12/10/05
469 14 17 25 29 32 38 15/10/05
470 04 15 17 26 35 45 19/10/05
471 04 16 18 22 23 35 22/10/05
472 10 22 27 40 41 43 26/10/05
473 10 12 24 40 43 44 29/10/05
474 03 16 19 20 41 44 02/11/05
475 02 06 24 28 42 44 05/11/05
476 03 05 10 15 27 43 09/11/05
477 15 21 22 25 32 42 12/11/05
478 11 19 22 25 35 42 16/11/05
479 03 20 23 28 31 45 19/11/05
480 05 06 22 26 28 31 23/11/05
481 07 29 32 39 40 41 26/11/05
482 04 14 15 19 29 34 30/11/05
483 03 06 09 13 41 42 03/12/05
484 02 17 24 36 41 42 07/12/05
485 03 10 11 21 28 32 10/12/05
486 06 20 22 30 32 40 14/12/05
487 07 13 25 31 40 45 17/12/05
488 18 20 35 36 37 44 21/12/05
489 29 33 39 40 41 45 24/12/05
490 06 25 26 27 34 35 28/12/05
491 02 04 08 10 30 39 31/12/05
