104
492 09 20 22 27 33 45 04/01/06
493 07 16 32 34 35 41 07/01/06
494 05 06 18 21 29 34 11/01/06
495 02 05 10 20 39 42 14/01/06
496 02 20 23 32 34 38 18/01/06
497 07 08 09 23 39 43 21/01/06
498 05 25 34 39 41 44 25/01/06
499 09 18 22 28 35 44 28/01/06
500 01 11 12 25 27 44 01/02/06
501 07 13 25 32 36 45 04/02/06
502 02 05 17 23 24 25 08/02/06
503 11 14 21 34 35 43 11/02/06
504 16 20 23 30 33 45 15/02/06
505 15 21 22 30 37 41 18/02/06
506 02 21 27 33 37 43 22/02/06
507 15 25 30 31 33 40 25/02/06
508 02 03 05 26 40 41 01/03/06
509 04 05 06 10 29 38 04/03/06
510 04 08 09 10 23 32 08/03/06
511 11 19 20 21 23 30 11/03/06
512 08 10 23 28 29 43 15/03/06
513 04 15 23 34 43 44 18/03/06
514 08 09 13 17 35 41 22/03/06
515 15 32 33 35 38 39 25/03/06
516 10 13 15 17 22 37 29/03/06
517 01 08 18 26 27 42 01/04/06
518 04 06 23 32 34 42 05/04/06
519 05 12 25 33 42 43 08/04/06
520 09 29 30 37 38 39 12/04/06
521 02 07 10 21 38 45 15/04/06
522 10 12 18 20 22 35 19/04/06
523 02 13 15 19 22 45 22/04/06
524 02 13 14 30 39 42 26/04/06
525 02 10 17 31 38 44 29/04/06
526 30 37 38 42 43 45 03/05/06
527 02 20 22 23 25 33 06/05/06
528 09 12 20 30 34 35 10/05/06
529 05 18 25 30 38 44 13/05/06
530 05 12 17 27 36 40 17/05/06
531 14 19 20 24 28 39 20/05/06
532 04 25 30 31 33 37 24/05/06
533 03 30 37 38 39 43 27/05/06
534 16 19 21 30 35 43 31/05/06
535 04 10 18 26 33 40 03/06/06
536 02 10 21 23 33 39 07/06/06
537 14 29 31 33 44 45 10/06/06
538 03 17 21 23 25 29 14/06/06
539 08 12 19 26 30 31 17/06/06
540 04 15 21 24 29 42 21/06/06
541 02 03 13 16 34 43 24/06/06
542 04 05 31 33 36 37 28/06/06
543 01 08 19 24 29 39 01/07/06
544 03 04 14 16 27 32 05/07/06
545 15 17 20 22 25 36 08/07/06
546 11 12 19 24 33 38 12/07/06
547 15 16 22 31 40 42 15/07/06
548 02 04 13 15 23 26 19/07/06
549 04 09 25 36 37 43 22/07/06
550 05 06 10 20 27 43 26/07/06
551 04 05 16 23 24 45 29/07/06
552 01 07 12 17 18 41 02/08/06
553 12 20 24 31 33 39 05/08/06
554 02 11 21 23 28 42 09/08/06
555 06 19 20 24 25 43 12/08/06
556 24 27 28 32 41 43 16/08/06
557 14 15 18 19 28 43 19/08/06
558 01 08 17 30 31 32 23/08/06
559 08 14 22 32 34 45 26/08/06
560 07 11 14 16 17 21 30/08/06
561 12 15 21 27 40 42 02/09/06
562 19 37 38 40 41 43 06/09/06
563 08 11 19 22 30 33 09/09/06
564 08 17 32 39 41 45 13/09/06
565 06 09 11 15 23 45 16/09/06
566 10 24 29 30 37 39 20/09/06
567 09 14 20 25 27 33 23/09/06
568 06 11 12 27 33 38 27/09/06
569 02 07 28 38 44 45 30/09/06
570 11 12 13 15 17 18 04/10/06
571 02 11 16 28 36 39 07/10/06
572 03 12 16 30 39 40 11/10/06
573 17 20 24 26 33 41 14/10/06
574 17 27 28 32 33 37 18/10/06
575 01 13 15 20 22 40 21/10/06
576 02 09 25 31 35 44 25/10/06
577 06 14 18 20 35 37 28/10/06
578 11 26 35 40 43 45 01/11/06
579 04 09 14 21 32 35 04/11/06
580 07 08 27 31 36 39 08/11/06
581 02 07 10 23 25 42 11/11/06
582 02 08 27 28 33 39 15/11/06
583 14 16 18 22 24 39 18/11/06
584 02 16 20 25 29 41 22/11/06
585 01 22 27 29 38 39 25/11/06
586 07 23 28 38 43 45 29/11/06
587 05 08 23 27 40 43 02/12/06
588 05 09 11 17 26 27 06/12/06
589 02 08 15 22 29 42 09/12/06
590 07 10 14 23 35 40 13/12/06
591 03 06 10 11 18 44 16/12/06
592 24 29 31 39 41 43 20/12/06
593 02 07 15 22 24 28 23/12/06
594 06 17 29 38 41 42 27/12/06
595 03 06 16 34 43 44 30/12/06
