104
596 04 05 15 16 32 40 03/01/07
597 01 20 24 28 30 43 06/01/07
598 01 07 18 30 32 34 10/01/07
599 02 05 11 12 17 42 13/01/07
600 19 28 30 33 34 36 17/01/07
601 01 02 12 15 19 21 20/01/07
602 09 21 24 30 35 36 24/01/07
603 14 18 22 27 40 43 27/01/07
604 04 08 11 24 38 45 31/01/07
605 04 23 24 33 41 45 03/02/07
606 14 20 29 32 39 41 07/02/07
607 05 07 08 12 22 45 10/02/07
608 03 11 13 25 27 36 14/02/07
609 04 05 24 29 30 31 17/02/07
610 02 11 24 26 30 32 21/02/07
611 15 19 21 33 40 44 24/02/07
612 09 22 25 31 39 42 28/02/07
613 02 03 04 09 15 30 03/03/07
614 03 04 09 18 20 32 07/03/07
615 04 08 10 25 30 35 10/03/07
616 04 06 18 23 25 37 14/03/07
617 07 13 15 16 23 31 17/03/07
618 11 17 20 22 39 45 21/03/07
619 04 05 13 16 18 20 24/03/07
620 01 02 25 27 43 45 28/03/07
621 06 09 11 14 32 36 31/03/07
622 04 06 17 18 22 38 04/04/07
623 07 12 14 29 42 44 07/04/07
624 03 09 14 16 19 20 11/04/07
625 02 05 13 14 20 21 14/04/07
626 18 21 26 28 32 39 18/04/07
627 02 13 21 23 28 38 21/04/07
628 01 06 20 34 36 43 25/04/07
629 02 03 05 09 26 29 28/04/07
630 01 03 04 07 30 43 02/05/07
631 10 12 14 27 32 35 05/05/07
632 05 23 25 31 33 41 09/05/07
633 07 10 11 23 24 37 12/05/07
634 02 04 10 26 34 41 16/05/07
635 03 07 11 23 36 38 19/05/07
636 24 32 34 40 42 45 23/05/07
637 03 07 17 19 33 41 26/05/07
638 09 21 22 32 33 35 30/05/07
639 02 09 20 23 28 35 02/06/07
640 10 11 18 31 43 45 06/06/07
641 03 06 15 17 34 36 09/06/07
642 17 20 23 26 32 42 13/06/07
643 05 07 16 23 32 34 16/06/07
644 05 11 14 21 39 42 20/06/07
645 03 09 18 26 33 44 23/06/07
646 07 09 11 25 26 29 27/06/07
647 01 05 11 18 24 35 30/06/07
648 06 21 25 26 31 39 04/07/07
649 01 11 23 29 32 33 07/07/07
650 02 03 13 21 33 38 11/07/07
651 01 02 13 20 26 27 14/07/07
652 18 23 26 34 40 43 18/07/07
653 09 11 28 29 30 34 21/07/07
654 07 09 23 36 39 40 25/07/07
655 08 26 29 38 39 45 28/07/07
656 15 19 24 28 30 42 01/08/07
657 03 05 12 19 31 34 04/08/07
658 01 05 07 25 29 45 08/08/07
659 09 20 21 25 33 38 11/08/07
660 03 05 06 08 13 26 15/08/07
661 02 09 10 15 19 28 18/08/07
662 04 09 23 26 28 41 22/08/07
663 03 14 16 34 36 45 25/08/07
664 02 04 11 13 16 41 29/08/07
665 06 08 16 21 22 26 01/09/07
666 04 14 27 30 32 34 05/09/07
667 01 20 26 32 40 44 08/09/07
668 08 16 29 30 35 41 12/09/07
669 16 20 24 25 39 44 15/09/07
670 01 14 26 29 39 41 19/09/07
671 03 05 16 33 35 44 22/09/07
672 08 24 25 34 36 37 26/09/07
673 01 04 26 37 42 45 29/09/07
674 03 10 16 28 30 39 03/10/07
675 02 11 27 32 37 41 06/10/07
676 15 21 23 28 36 43 10/10/07
677 14 17 20 21 32 43 13/10/07
678 02 05 17 37 40 43 17/10/07
679 09 15 17 29 30 35 20/10/07
680 02 08 19 23 24 29 24/10/07
681 03 04 08 29 38 43 27/10/07
682 07 09 16 17 26 44 31/10/07
683 06 17 28 36 38 45 03/11/07
684 04 06 10 21 34 39 07/11/07
685 01 06 09 20 23 26 10/11/07
686 01 02 09 14 16 43 14/11/07
687 01 02 29 30 40 44 17/11/07
688 13 14 18 25 41 43 21/11/07
689 17 18 20 35 36 43 24/11/07
690 10 13 16 24 40 41 28/11/07
691 08 13 17 25 29 39 01/12/07
692 08 25 28 31 42 44 05/12/07
693 04 11 30 33 35 36 08/12/07
694 02 08 35 36 37 39 12/12/07
695 04 08 18 19 20 26 15/12/07
696 02 13 16 21 29 43 19/12/07
697 06 13 21 28 38 41 22/12/07
698 02 12 28 29 39 43 26/12/07
699 07 09 23 40 42 44 29/12/07
