105
700 03 10 12 14 21 37 02/01/08
701 07 27 29 30 33 38 05/01/08
702 05 15 27 32 33 34 09/01/08
703 02 08 13 24 29 30 12/01/08
704 02 03 08 34 35 44 16/01/08
705 05 07 14 31 35 45 19/01/08
706 07 27 28 30 39 40 23/01/08
707 04 12 22 26 42 44 26/01/08
708 01 04 18 27 35 37 30/01/08
709 09 11 16 17 24 37 02/02/08
710 01 14 15 24 30 35 06/02/08
711 05 10 15 29 36 45 09/02/08
712 05 10 22 26 42 45 13/02/08
713 05 29 31 32 35 39 16/02/08
714 03 15 27 36 39 42 20/02/08
715 02 14 19 20 21 27 23/02/08
716 05 24 28 36 40 44 27/02/08
717 20 22 24 26 30 43 01/03/08
718 02 16 26 27 39 44 05/03/08
719 13 15 21 23 37 44 08/03/08
720 02 10 12 14 15 38 12/03/08
721 03 09 14 20 21 23 15/03/08
722 07 19 21 24 27 36 19/03/08
723 31 34 35 36 41 44 22/03/08
724 01 06 14 16 18 41 26/03/08
725 02 16 21 29 36 42 29/03/08
726 03 23 30 33 41 43 02/04/08
727 06 08 15 18 22 40 05/04/08
728 08 09 27 29 30 42 09/04/08
729 01 10 18 21 22 31 12/04/08
730 06 07 13 24 33 40 16/04/08
731 02 05 06 09 21 22 19/04/08
732 04 09 10 23 37 38 23/04/08
733 03 30 36 38 39 44 26/04/08
734 06 08 12 22 28 41 30/04/08
735 01 06 14 17 19 22 03/05/08
736 01 11 24 35 43 44 07/05/08
737 03 04 08 12 31 42 10/05/08
738 07 08 15 19 22 36 14/05/08
739 10 16 21 24 26 45 17/05/08
740 12 22 24 33 37 40 21/05/08
741 08 10 11 23 29 42 24/05/08
742 11 12 18 22 32 37 28/05/08
743 02 03 19 26 36 37 31/05/08
744 02 13 14 31 36 41 04/06/08
745 08 10 18 29 31 39 07/06/08
746 02 14 24 34 35 45 11/06/08
747 01 02 05 22 31 43 14/06/08
748 02 06 23 25 39 45 18/06/08
749 02 05 10 28 39 44 21/06/08
750 04 23 24 30 32 37 25/06/08
751 03 17 32 34 35 44 28/06/08
752 07 10 12 15 16 22 02/07/08
753 03 14 26 33 39 42 05/07/08
754 04 07 13 15 44 45 09/07/08
755 02 05 09 11 21 37 12/07/08
756 02 03 13 21 29 41 16/07/08
757 06 08 20 26 38 41 19/07/08
758 10 19 20 21 22 32 23/07/08
759 09 24 26 32 39 45 26/07/08
760 03 15 27 36 38 43 30/07/08
761 02 04 05 11 33 38 02/08/08
762 15 20 21 23 35 38 06/08/08
763 12 28 29 31 42 44 09/08/08
764 08 15 22 28 32 39 13/08/08
765 18 27 31 34 37 43 16/08/08
766 13 17 32 35 42 43 20/08/08
767 04 13 24 26 28 33 23/08/08
768 02 12 14 18 23 42 27/08/08
769 01 23 35 36 40 45 30/08/08
770 07 08 13 16 21 34 03/09/08
771 01 08 13 33 36 44 06/09/08
772 11 20 31 34 39 42 10/09/08
773 17 21 26 27 40 45 13/09/08
774 23 26 30 31 37 38 17/09/08
775 15 28 30 37 38 40 20/09/08
776 05 06 18 21 23 26 24/09/08
777 03 05 13 29 30 35 27/09/08
778 02 03 13 32 38 40 01/10/08
779 07 15 16 18 25 45 04/10/08
780 03 08 25 35 36 39 08/10/08
781 01 04 07 19 29 36 11/10/08
782 06 17 26 35 43 45 15/10/08
783 03 05 21 24 36 45 18/10/08
784 02 05 19 21 37 40 22/10/08
785 01 04 15 27 35 36 25/10/08
786 06 10 21 25 30 45 29/10/08
787 01 02 03 04 28 45 01/11/08
788 07 10 14 23 27 41 05/11/08
789 01 17 29 40 42 45 08/11/08
790 06 10 16 30 34 40 12/11/08
791 05 23 27 37 43 44 15/11/08
792 04 16 37 38 40 45 19/11/08
793 03 07 09 11 14 43 22/11/08
794 01 04 09 14 29 35 26/11/08
795 10 19 28 32 38 45 29/11/08
796 14 21 26 30 32 39 03/12/08
797 05 20 26 28 30 41 06/12/08
798 01 02 08 09 12 19 10/12/08
799 13 17 22 38 41 45 13/12/08
800 16 32 33 36 40 41 17/12/08
801 03 15 35 36 39 44 20/12/08
802 05 16 23 25 31 43 24/12/08
803 07 16 19 22 29 40 27/12/08
804 10 14 15 30 35 37 31/12/08
