104
805 03 06 10 19 20 34 03/01/09
806 02 03 05 18 26 45 07/01/09
807 02 08 19 22 24 29 10/01/09
808 04 07 14 19 28 39 14/01/09
809 11 15 16 19 27 45 17/01/09
810 07 23 24 31 41 42 21/01/09
811 04 06 12 14 19 33 24/01/09
812 03 07 22 26 29 42 28/01/09
813 04 20 22 24 32 44 31/01/09
814 03 24 27 34 43 45 04/02/09
815 11 14 15 17 22 45 07/02/09
816 04 08 21 23 29 31 11/02/09
817 10 19 30 33 35 43 14/02/09
818 01 05 07 14 27 32 18/02/09
819 01 04 07 31 40 44 21/02/09
820 02 15 21 23 38 40 25/02/09
821 03 11 17 22 25 30 28/02/09
822 06 13 29 33 42 43 04/03/09
823 09 11 12 15 38 41 07/03/09
824 03 04 11 22 36 41 11/03/09
825 02 04 12 18 27 41 14/03/09
826 01 14 28 35 38 45 18/03/09
827 02 09 19 21 28 33 21/03/09
828 15 19 21 24 27 33 25/03/09
829 11 21 28 29 43 44 28/03/09
830 02 13 16 23 29 44 01/04/09
831 01 06 08 21 31 37 04/04/09
832 12 17 25 26 35 42 08/04/09
833 03 04 07 24 42 44 11/04/09
834 06 12 14 29 40 41 15/04/09
835 06 09 10 29 37 41 18/04/09
836 08 16 17 28 33 35 22/04/09
837 07 11 17 21 29 42 25/04/09
838 01 09 20 26 35 36 29/04/09
839 11 12 25 26 29 37 02/05/09
840 02 05 10 18 31 38 06/05/09
841 06 09 27 31 36 43 09/05/09
842 13 16 19 40 41 43 13/05/09
843 08 12 20 22 27 28 16/05/09
844 09 15 20 29 37 42 20/05/09
845 04 05 06 16 24 35 23/05/09
846 09 17 21 28 34 44 27/05/09
847 06 08 14 18 38 40 30/05/09
848 06 13 26 27 28 33 03/06/09
849 09 21 33 36 38 45 06/06/09
850 01 14 16 23 27 44 10/06/09
851 16 26 27 38 41 45 13/06/09
852 02 20 24 27 38 40 17/06/09
853 11 14 24 31 35 39 20/06/09
854 09 19 28 30 33 35 24/06/09
855 19 22 24 34 44 45 27/06/09
856 01 06 15 22 27 33 01/07/09
857 12 17 19 29 39 40 04/07/09
858 02 06 07 16 20 31 08/07/09
859 01 04 05 12 13 39 11/07/09
860 01 03 24 26 39 42 15/07/09
861 09 13 16 28 31 36 18/07/09
862 09 10 26 27 28 43 22/07/09
863 06 08 20 31 32 37 25/07/09
864 02 04 33 36 41 45 29/07/09
865 03 20 30 35 38 41 01/08/09
866 04 09 10 34 42 43 05/08/09
867 05 11 17 21 39 44 08/08/09
868 04 06 09 21 29 44 12/08/09
869 03 04 05 18 25 44 15/08/09
870 03 09 12 36 38 44 19/08/09
871 02 10 13 17 32 38 22/08/09
872 08 16 27 28 33 35 26/08/09
873 13 27 31 32 42 43 29/08/09
874 01 10 16 18 25 45 02/09/09
875 01 09 12 13 22 33 05/09/09
876 07 14 15 17 32 40 09/09/09
877 15 22 23 25 27 45 12/09/09
878 04 08 14 18 28 41 16/09/09
879 05 19 22 26 32 36 19/09/09
880 02 12 16 18 30 34 23/09/09
881 13 16 22 24 37 40 26/09/09
882 02 06 07 11 23 24 30/09/09
883 13 14 17 20 40 42 03/10/09
884 06 12 29 30 36 40 07/10/09
885 02 15 16 20 23 43 10/10/09
886 09 11 19 20 30 42 14/10/09
887 15 18 22 30 40 44 17/10/09
888 05 07 11 20 35 40 21/10/09
889 06 10 12 22 30 41 24/10/09
890 05 21 23 29 36 44 28/10/09
891 02 25 28 30 42 44 31/10/09
892 23 25 27 29 30 38 04/11/09
893 05 11 25 29 30 37 07/11/09
894 05 06 08 24 30 34 11/11/09
895 01 02 33 40 43 44 14/11/09
896 09 12 27 35 40 43 18/11/09
897 08 10 24 31 36 39 21/11/09
898 05 11 17 24 32 45 25/11/09
899 18 23 33 34 43 44 28/11/09
900 02 09 15 22 39 40 02/12/09
901 05 07 10 19 26 40 05/12/09
902 06 18 23 28 29 36 09/12/09
903 02 20 26 32 39 45 12/12/09
904 04 10 17 36 42 43 16/12/09
905 07 09 12 14 33 40 19/12/09
906 08 13 16 28 30 37 23/12/09
907 22 26 30 33 39 40 26/12/09
908 03 06 07 38 42 45 30/12/09
