104
909 06 08 16 22 23 28 02/01/10
910 26 33 35 36 40 42 06/01/10
911 09 21 25 26 38 41 09/01/10
912 13 19 24 39 41 42 13/01/10
913 06 14 17 30 35 38 16/01/10
914 03 09 15 29 34 37 20/01/10
915 02 04 30 34 35 36 23/01/10
916 01 11 15 20 30 40 27/01/10
917 08 09 16 18 29 43 30/01/10
918 02 04 07 10 17 23 03/02/10
919 02 04 17 34 40 44 06/02/10
920 01 07 22 39 41 44 10/02/10
921 04 14 17 29 31 37 13/02/10
922 02 03 17 22 23 27 17/02/10
923 04 10 12 23 30 36 20/02/10
924 02 03 22 24 35 39 24/02/10
925 11 15 22 24 25 29 27/02/10
926 03 16 19 33 35 44 03/03/10
927 10 16 23 26 27 39 06/03/10
928 01 12 19 21 24 39 10/03/10
929 04 12 18 28 33 40 13/03/10
930 08 09 26 27 35 42 17/03/10
931 03 08 18 33 34 45 20/03/10
932 05 11 14 20 22 43 24/03/10
933 03 05 34 36 40 43 27/03/10
934 01 09 10 14 15 18 31/03/10
935 06 10 21 28 43 44 03/04/10
936 08 23 26 27 31 43 07/04/10
937 03 04 08 18 26 42 10/04/10
938 05 12 18 19 20 45 14/04/10
939 11 14 18 21 27 45 17/04/10
940 11 28 30 36 40 41 21/04/10
941 03 10 11 15 17 24 24/04/10
942 08 11 17 22 28 45 28/04/10
943 02 18 22 24 37 39 01/05/10
944 03 04 12 24 40 45 05/05/10
945 07 11 12 23 26 31 08/05/10
946 02 24 25 32 34 42 12/05/10
947 04 06 08 23 32 40 15/05/10
948 05 07 14 27 31 39 19/05/10
949 04 05 06 08 11 24 22/05/10
950 01 12 13 17 28 36 26/05/10
951 09 10 14 27 28 36 29/05/10
952 08 12 24 36 42 45 02/06/10
953 16 25 29 35 37 45 05/06/10
954 04 15 26 28 36 37 09/06/10
955 02 08 10 15 20 40 12/06/10
956 08 12 19 29 42 45 16/06/10
957 02 08 10 11 13 44 19/06/10
958 27 30 36 38 39 45 23/06/10
959 04 06 18 21 27 33 26/06/10
960 03 10 17 19 25 44 30/06/10
961 01 10 22 27 29 34 03/07/10
962 06 14 20 24 37 38 07/07/10
963 03 07 11 14 17 23 10/07/10
964 09 18 19 21 29 35 14/07/10
965 08 09 13 14 19 39 17/07/10
966 17 18 22 23 28 45 21/07/10
967 01 06 08 18 24 34 24/07/10
968 28 29 37 38 39 42 28/07/10
969 15 16 19 32 34 42 31/07/10
970 03 06 11 15 22 26 04/08/10
971 04 05 17 30 40 41 07/08/10
972 01 02 19 32 37 39 11/08/10
973 07 17 21 23 25 29 14/08/10
974 11 15 22 28 30 35 18/08/10
975 10 22 32 38 43 45 21/08/10
976 01 06 08 18 22 40 25/08/10
977 02 07 23 29 36 40 28/08/10
978 05 11 16 18 20 39 01/09/10
979 03 15 22 26 30 35 04/09/10
980 05 14 15 37 39 40 08/09/10
981 02 15 17 18 29 38 11/09/10
982 09 16 19 23 27 31 15/09/10
983 09 14 20 23 38 45 18/09/10
984 15 17 20 22 28 33 22/09/10
985 13 18 23 25 27 44 25/09/10
986 04 10 15 28 34 39 29/09/10
987 12 21 22 26 33 44 02/10/10
988 09 18 25 31 35 45 06/10/10
989 14 15 22 30 37 45 09/10/10
990 08 09 16 22 29 44 13/10/10
991 05 19 21 26 36 39 16/10/10
992 06 14 16 17 30 32 20/10/10
993 07 12 21 25 35 39 23/10/10
994 01 02 04 10 25 40 27/10/10
995 01 07 15 19 35 42 30/10/10
996 07 15 17 19 29 38 03/11/10
997 15 19 22 31 33 42 06/11/10
998 02 11 18 24 27 36 10/11/10
999 08 16 20 29 32 42 13/11/10
1000 10 17 35 36 38 41 17/11/10
1001 14 19 21 22 32 36 20/11/10
1002 08 20 25 31 32 37 24/11/10
1003 03 10 22 24 40 45 27/11/10
1004 03 19 20 25 30 33 01/12/10
1005 01 04 06 11 32 41 04/12/10
1006 09 12 20 24 27 28 08/12/10
1007 06 10 20 26 28 36 11/12/10
1008 26 28 30 32 33 39 15/12/10
1009 02 06 15 19 27 44 18/12/10
1010 15 17 18 21 25 40 22/12/10
1011 01 03 08 12 43 45 25/12/10
1012 05 13 17 31 41 42 29/12/10
