105
1013 07 13 19 27 34 43 01/01/11
1014 04 08 11 15 16 38 05/01/11
1015 07 09 10 32 37 41 08/01/11
1016 13 15 17 27 44 45 12/01/11
1017 03 21 30 33 38 42 15/01/11
1018 08 17 34 35 36 40 19/01/11
1019 01 04 12 13 14 31 22/01/11
1020 15 17 37 40 41 44 26/01/11
1021 04 06 31 35 38 44 29/01/11
1022 16 19 22 26 35 41 02/02/11
1023 04 06 28 31 33 44 05/02/11
1024 23 24 29 34 39 45 09/02/11
1025 14 15 27 30 32 39 12/02/11
1026 15 16 22 24 25 40 16/02/11
1027 03 05 12 21 37 45 19/02/11
1028 03 16 26 35 37 40 23/02/11
1029 05 10 11 24 28 35 26/02/11
1030 11 14 16 19 32 43 02/03/11
1031 13 14 19 24 25 29 05/03/11
1032 02 03 11 14 24 35 09/03/11
1033 09 23 31 34 42 44 12/03/11
1034 07 13 14 18 36 45 16/03/11
1035 04 09 18 33 43 44 19/03/11
1036 01 16 25 29 35 44 23/03/11
1037 02 29 33 35 40 42 26/03/11
1038 03 15 22 23 24 34 30/03/11
1039 17 22 33 36 37 38 02/04/11
1040 07 16 20 31 35 41 06/04/11
1041 05 11 28 34 39 43 09/04/11
1042 08 09 20 34 37 38 13/04/11
1043 06 09 33 38 40 45 16/04/11
1044 05 13 14 27 37 42 20/04/11
1045 13 16 17 26 35 44 23/04/11
1046 18 20 27 34 36 41 27/04/11
1047 03 04 06 13 42 43 30/04/11
1048 01 09 14 16 20 31 04/05/11
1049 06 16 20 21 27 44 07/05/11
1050 05 12 28 34 35 42 11/05/11
1051 01 08 09 27 35 41 14/05/11
1052 14 15 24 33 40 45 18/05/11
1053 11 17 24 39 41 43 21/05/11
1054 03 08 11 13 22 37 25/05/11
1055 20 31 32 38 42 44 28/05/11
1056 02 13 18 28 30 33 01/06/11
1057 06 24 25 35 36 43 04/06/11
1058 10 17 24 25 27 29 08/06/11
1059 01 08 09 16 24 39 11/06/11
1060 12 15 28 30 39 40 15/06/11
1061 03 04 07 09 27 36 18/06/11
1062 02 17 19 26 32 45 22/06/11
1063 10 12 21 24 36 39 25/06/11
1064 15 21 26 29 35 37 29/06/11
1065 10 17 20 31 39 41 02/07/11
1066 09 11 21 25 29 40 06/07/11
1067 06 07 24 30 36 39 09/07/11
1068 10 22 33 39 43 45 13/07/11
1069 13 20 26 27 28 43 16/07/11
1070 02 06 12 16 20 34 20/07/11
1071 06 10 19 20 28 37 23/07/11
1072 03 07 24 28 29 35 27/07/11
1073 01 03 05 08 13 36 30/07/11
1074 02 09 18 31 36 37 03/08/11
1075 03 05 23 25 33 43 06/08/11
1076 01 02 09 11 12 15 10/08/11
1077 02 11 12 17 24 36 13/08/11
1078 01 13 18 39 43 44 17/08/11
1079 09 15 19 28 31 32 20/08/11
1080 02 08 10 17 27 37 24/08/11
1081 03 07 17 18 28 29 27/08/11
1082 11 12 16 20 37 45 31/08/11
1083 01 05 09 13 27 43 03/09/11
1084 06 22 29 38 39 43 07/09/11
1085 11 17 19 30 34 37 10/09/11
1086 02 12 15 31 32 37 14/09/11
1087 03 11 16 22 28 35 17/09/11
1088 09 16 21 22 33 40 21/09/11
1089 01 03 12 17 24 45 24/09/11
1090 08 10 11 30 32 35 28/09/11
1091 03 08 25 29 39 40 01/10/11
1092 15 18 25 27 28 39 05/10/11
1093 07 10 15 18 19 42 08/10/11
1094 18 19 30 39 42 43 12/10/11
1095 01 15 20 25 26 32 15/10/11
1096 07 12 13 20 22 40 19/10/11
1097 15 19 21 23 25 31 22/10/11
1098 05 16 25 33 35 40 26/10/11
1099 09 14 19 25 32 45 29/10/11
1100 03 07 14 17 25 39 02/11/11
1101 10 15 16 19 21 45 05/11/11
1102 02 08 15 16 30 45 09/11/11
1103 10 18 21 32 36 44 12/11/11
1104 07 23 26 28 39 45 16/11/11
1105 02 15 17 20 30 40 19/11/11
1106 04 08 16 18 31 41 23/11/11
1107 01 03 08 10 36 42 26/11/11
1108 01 06 07 20 33 37 30/11/11
1109 07 22 24 34 35 39 03/12/11
1110 01 06 16 23 38 44 07/12/11
1111 13 21 25 26 39 44 10/12/11
1112 03 04 09 13 30 33 14/12/11
1113 22 26 30 35 38 42 17/12/11
1114 07 21 22 31 43 45 21/12/11
1115 04 08 20 21 28 36 24/12/11
1116 03 08 12 14 24 42 28/12/11
1117 10 11 15 24 40 44 31/12/11
