1160
1 01 02 05 20 27 33 27/01/2001
2 01 02 11 15 32 34 03/02/2001
3 11 13 27 30 32 39 10/02/2001
4 15 20 21 29 32 44 17/02/2001
5 03 06 16 22 38 44 24/02/2001
6 17 21 26 31 39 40 03/03/2001
7 01 12 22 29 31 33 10/03/2001
8 05 14 18 38 40 45 17/03/2001
9 04 19 25 28 39 41 24/03/2001
10 01 06 13 18 25 41 31/03/2001
11 01 03 15 18 27 37 07/04/2001
12 03 06 13 24 29 31 14/04/2001
13 04 14 15 17 21 25 21/04/2001
14 01 10 19 33 36 40 28/04/2001
15 05 10 21 26 34 40 05/05/2001
16 04 06 15 20 32 43 12/05/2001
17 01 18 19 21 39 43 19/05/2001
18 17 24 30 38 43 44 26/05/2001
19 08 15 23 29 30 37 02/06/2001
20 06 07 12 13 16 25 09/06/2001
21 03 10 11 14 36 41 16/06/2001
22 02 05 15 21 31 41 23/06/2001
23 09 28 33 34 38 45 30/06/2001
24 12 20 23 32 37 40 07/07/2001
25 09 11 21 34 39 42 11/07/2001
26 08 24 33 36 38 44 14/07/2001
27 14 18 21 22 28 34 18/07/2001
28 09 18 21 28 41 43 21/07/2001
29 5 10 18 24 30 44 25/07/2001
30 11 12 21 36 40 41 28/07/2001
31 13 19 21 24 40 43 01/08/2001
32 11 15 26 32 35 36 04/08/2001
33 10 11 21 30 44 45 08/08/2001
34 13 16 21 25 29 43 11/08/2001
35 03 12 14 37 40 44 15/08/2001
36 01 16 19 25 38 44 18/08/2001
37 02 04 09 16 17 23 22/08/2001
38 04 05 08 13 15 36 25/08/2001
39 03 04 09 10 12 42 29/08/2001
40 13 23 25 27 38 40 01/09/2001
41 24 27 36 37 41 43 05/09/2001
42 14 18 22 28 32 35 08/09/2001
43 18 28 30 32 34 37 12/09/2001
44 01 06 07 12 27 34 15/09/2001
45 04 15 25 29 30 44 19/09/2001
46 02 14 21 28 33 37 22/09/2001
47 01 07 11 12 24 39 26/09/2001
48 04 09 13 28 32 43 29/09/2001
49 01 06 11 13 19 36 03/10/2001
50 08 15 16 22 34 38 06/10/2001
51 14 17 28 37 41 43 10/10/2001
52 15 24 25 33 37 43 13/10/2001
53 02 12 14 18 31 45 17/10/2001
54 13 15 22 28 30 38 20/10/2001
55 13 17 27 31 39 42 24/10/2001
56 02 18 22 33 35 45 27/10/2001
57 05 07 10 15 16 22 31/10/2001
58 03 15 20 28 30 40 03/11/2001
59 02 08 24 26 36 45 07/11/2001
60 11 13 16 34 37 40 10/11/2001
61 07 09 22 25 32 37 14/11/2001
62 19 21 23 24 31 44 17/11/2001
63 06 18 25 29 31 42 21/11/2001
64 19 20 22 32 41 45 24/11/2001
65 16 17 19 29 31 33 28/11/2001
66 17 22 24 28 34 37 01/12/2001
67 17 19 20 21 34 35 05/12/2001
68 02 09 27 33 36 41 08/12/2001
69 05 07 17 29 31 32 12/12/2001
70 03 13 27 33 42 43 15/12/2001
71 11 13 16 33 39 40 19/12/2001
72 01 09 14 15 25 43 22/12/2001
73 06 12 30 33 38 43 26/12/2001
74 08 10 12 24 28 31 29/12/2001
75 12 14 30 32 38 41 02/01/2002
76 19 20 21 22 23 33 05/01/2002
77 02 09 19 27 33 45 09/01/2002
78 01 21 29 30 36 42 12/01/2002
79 06 07 17 33 39 44 16/01/2002
80 09 10 31 38 42 44 19/01/2002
81 02 07 17 32 41 44 23/01/2002
82 02 04 16 28 33 34 26/01/2002
83 10 16 20 26 35 37 30/01/2002
84 01 10 21 23 33 38 02/02/2002
85 06 11 23 24 36 42 06/02/2002
86 06 07 09 15 19 33 09/02/2002
87 01 05 07 10 16 32 13/02/2002
88 18 23 24 34 37 42 16/02/2002
89 03 06 26 33 34 44 20/02/2002
90 16 21 27 35 39 42 23/02/2002
91 04 05 28 39 42 44 27/02/2002
92 06 11 18 28 29 42 02/03/2002
93 09 14 18 30 32 37 06/03/2002
94 08 16 25 26 27 39 09/03/2002
95 05 07 23 29 30 40 13/03/2002
96 01 03 24 28 32 43 16/03/2002
97 01 04 18 27 34 42 20/03/2002
98 03 19 24 29 41 45 23/03/2002
99 06 12 26 30 35 37 27/03/2002
100 09 22 30 33 38 41 30/03/2002
101 14 16 17 26 28 41 03/04/2002
102 09 10 24 26 33 40 06/04/2002
103 14 28 30 31 37 39 10/04/2002
104 01 16 18 36 39 40 13/04/2002
105 12 15 24 30 39 42 17/04/2002
106 01 04 27 30 36 42 20/04/2002
107 16 19 20 23 24 28 24/04/2002
108 06 13 18 21 30 36 27/04/2002
109 06 12 36 42 43 44 04/05/2002
110 03 12 16 26 30 41 08/05/2002
111 08 15 19 25 30 36 11/05/2002
112 01 18 23 27 30 34 15/05/2002
113 05 06 12 27 40 41 18/05/2002
114 03 11 26 40 42 45 22/05/2002
115 08 12 25 33 36 38 25/05/2002
116 01 02 12 15 25 36 29/05/2002
117 05 06 13 16 37 39 01/06/2002
118 05 06 25 27 35 38 05/06/2002
119 02 03 15 20 32 37 08/06/2002
120 08 11 13 29 42 45 12/06/2002
121 01 08 10 22 35 44 15/06/2002
122 02 20 24 28 31 38 19/06/2002
123 06 17 30 31 35 38 22/06/2002
124 08 25 31 35 39 44 26/06/2002
125 13 21 22 28 29 45 29/06/2002
126 03 26 35 40 43 45 03/07/2002
127 01 11 16 20 40 41 06/07/2002
128 01 27 36 38 41 43 10/07/2002
129 01 03 06 07 24 41 13/07/2002
130 04 08 13 27 41 43 17/07/2002
131 02 18 26 27 36 44 20/07/2002
132 07 12 15 26 28 35 24/07/2002
133 04 09 20 22 37 44 27/07/2002
134 05 08 13 18 19 24 31/07/2002
135 02 04 09 12 42 44 03/08/2002
136 08 14 21 28 30 43 07/08/2002
137 01 03 12 19 27 42 10/08/2002
138 05 09 10 14 18 31 14/08/2002
139 09 10 22 23 28 32 17/08/2002
140 12 15 16 19 42 44 21/08/2002
141 15 18 19 38 40 42 24/08/2002
142 15 16 26 33 38 44 28/08/2002
143 03 09 12 34 35 45 31/08/2002
144 08 13 21 34 41 42 04/09/2002
145 05 09 10 18 29 45 07/09/2002
146 01 06 23 30 33 38 11/09/2002
147 08 17 19 25 39 42 14/09/2002
148 06 18 19 23 32 33 18/09/2002
149 04 11 19 26 27 35 21/09/2002
150 10 20 21 23 28 35 25/09/2002
151 16 18 22 40 41 43 28/09/2002
152 03 05 09 15 31 37 02/10/2002
153 06 30 37 38 42 44 05/10/2002
154 16 20 26 35 41 42 09/10/2002
155 08 11 23 30 40 45 12/10/2002
156 05 15 18 34 35 36 16/10/2002
157 03 04 10 11 17 30 19/10/2002
158 06 14 16 18 20 26 23/10/2002
159 01 07 11 15 17 24 26/10/2002
160 02 24 27 32 39 44 30/10/2002
161 17 21 27 28 43 44 02/11/2002
162 02 04 14 32 35 38 06/11/2002
163 04 05 19 24 31 35 09/11/2002
164 03 13 32 39 40 41 13/11/2002
165 03 05 11 15 23 27 16/11/2002
166 01 09 10 28 32 37 20/11/2002
167 11 13 17 33 37 42 23/11/2002
168 11 16 26 30 35 44 27/11/2002
169 10 16 35 37 41 43 30/11/2002
170 02 04 11 22 29 33 04/12/2002
171 15 22 29 42 44 45 07/12/2002
172 26 28 30 31 32 42 11/12/2002
173 02 09 16 25 32 35 14/12/2002
174 12 15 21 27 38 45 18/12/2002
175 03 15 19 24 25 38 21/12/2002
176 06 12 13 25 31 44 25/12/2002
177 04 07 23 39 40 45 28/12/2002
178 03 05 11 14 24 27 01/01/2003
179 08 11 14 28 41 43 04/01/2003
180 05 13 20 30 33 39 08/01/2003
181 03 05 07 09 16 29 11/01/2003
182 05 13 17 23 24 25 15/01/2003
183 04 07 26 36 37 43 18/01/2003
184 04 10 14 21 33 43 22/01/2003
185 07 18 21 30 31 39 25/01/2003
186 11 17 23 24 25 38 29/01/2003
187 10 11 16 25 31 40 01/02/2003
188 05 20 21 25 30 42 05/02/2003
189 02 04 08 23 27 32 08/02/2003
190 03 10 20 33 35 36 12/02/2003
191 19 21 32 33 42 44 15/02/2003
192 01 03 11 14 28 34 19/02/2003
193 13 18 23 31 36 42 22/02/2003
194 03 04 19 21 26 29 26/02/2003
195 01 05 16 19 25 42 01/03/2003
196 03 04 06 07 26 29 05/03/2003
197 03 05 28 40 44 45 08/03/2003
198 05 07 12 17 19 21 12/03/2003
199 03 05 10 31 40 41 15/03/2003
200 05 17 20 22 36 38 19/03/2003
201 03 10 17 31 38 39 22/03/2003
202 17 23 24 26 41 43 26/03/2003
203 01 02 18 23 34 38 29/03/2003
204 16 28 33 35 41 42 02/04/2003
205 04 20 25 26 28 40 05/04/2003
206 15 16 29 31 34 41 09/04/2003
207 07 12 17 33 39 40 12/04/2003
208 05 07 16 30 33 40 16/04/2003
209 13 22 32 33 39 45 19/04/2003
210 10 15 19 34 36 43 23/04/2003
211 02 22 25 26 32 37 26/04/2003
212 03 10 13 15 31 42 30/04/2003
213 08 13 20 21 24 26 03/05/2003
214 14 22 23 35 41 44 07/05/2003
215 27 28 33 39 42 43 10/05/2003
216 09 19 25 28 34 45 14/05/2003
217 07 09 14 19 30 32 17/05/2003
218 14 15 19 20 38 44 21/05/2003
219 01 09 11 19 25 45 24/05/2003
220 03 08 15 16 19 20 28/05/2003
221 01 20 24 27 32 40 31/05/2003
222 01 02 06 15 32 40 04/06/2003
223 04 14 25 32 34 36 07/06/2003
224 01 04 11 13 19 25 11/06/2003
225 01 11 26 34 39 41 14/06/2003
226 07 19 24 35 39 45 18/06/2003
227 28 30 33 34 35 44 21/06/2003
228 20 23 33 37 40 42 25/06/2003
229 03 11 17 26 28 38 28/06/2003
230 04 14 20 27 30 33 02/07/2003
231 12 17 22 26 27 36 05/07/2003
232 01 02 23 28 32 40 09/07/2003
233 09 24 27 28 32 39 12/07/2003
234 02 03 05 15 26 43 16/07/2003
235 10 19 24 27 28 36 19/07/2003
236 14 23 26 30 36 41 23/07/2003
237 03 22 23 31 36 37 26/07/2003
238 09 22 26 35 40 43 30/07/2003
239 02 05 07 12 28 30 02/08/2003
240 01 03 07 12 40 45 06/08/2003
241 03 09 16 17 37 44 09/08/2003
242 05 16 22 26 27 44 13/08/2003
243 07 18 23 30 31 37 16/08/2003
244 08 11 15 16 42 43 20/08/2003
245 04 06 26 36 37 38 23/08/2003
246 02 11 16 18 20 42 27/08/2003
247 07 08 09 14 32 42 30/08/2003
248 14 15 16 19 23 29 03/09/2003
249 02 03 24 32 42 44 06/09/2003
250 06 09 10 21 28 31 10/09/2003
251 06 18 22 27 37 40 13/09/2003
252 19 20 26 41 42 44 17/09/2003
253 08 14 18 22 28 40 20/09/2003
254 10 21 24 26 30 44 24/09/2003
255 02 07 09 17 28 41 27/09/2003
256 03 04 06 14 15 25 01/10/2003
257 21 23 27 33 40 45 04/10/2003
258 07 20 33 36 39 42 08/10/2003
259 06 12 21 32 36 43 11/10/2003
260 03 04 11 27 35 38 15/10/2003
261 02 10 12 18 29 42 18/10/2003
262 11 27 32 39 42 45 22/10/2003
263 03 10 12 21 23 28 25/10/2003
264 03 21 28 30 32 38 29/10/2003
265 10 21 22 24 25 44 01/11/2003
266 15 19 31 32 39 43 05/11/2003
267 01 11 14 16 17 18 08/11/2003
268 01 07 08 19 29 34 12/11/2003
269 03 04 17 20 23 30 15/11/2003
270 04 12 13 25 38 42 19/11/2003
271 05 07 12 14 35 43 22/11/2003
272 10 24 29 40 42 44 26/11/2003
273 02 25 30 33 43 45 29/11/2003
274 02 05 10 31 35 41 03/12/2003
275 05 07 11 26 31 32 06/12/2003
276 02 05 06 16 21 33 10/12/2003
277 02 13 16 20 22 43 13/12/2003
278 27 33 34 40 41 43 17/12/2003
279 05 07 16 20 29 42 20/12/2003
280 17 20 23 24 28 37 24/12/2003
281 04 10 21 24 27 32 27/12/2003
282 02 16 20 21 26 29 31/12/2003
283 21 22 27 31 41 42 03/01/2004
284 07 09 15 26 37 41 07/01/2004
285 03 04 13 30 31 36 10/01/2004
286 02 05 13 16 31 34 14/01/2004
287 13 19 28 34 36 45 17/01/2004
288 01 06 14 15 18 44 21/01/2004
289 11 12 25 31 36 37 24/01/2004
290 17 21 23 25 28 36 28/01/2004
291 06 08 29 35 43 45 31/01/2004
292 02 13 16 22 39 41 04/02/2004
293 06 08 17 32 34 42 07/02/2004
294 03 19 20 24 37 45 11/02/2004
295 16 21 22 27 38 43 14/02/2004
296 05 09 14 17 21 41 18/02/2004
297 03 06 07 13 21 28 21/02/2004
298 01 03 20 32 37 45 25/02/2004
299 14 18 19 30 35 41 28/02/2004
300 12 25 28 33 35 43 03/03/2004
301 01 04 07 24 36 43 06/03/2004
302 09 15 18 19 22 43 10/03/2004
303 03 06 20 22 33 36 13/03/2004
304 02 07 15 26 33 36 17/03/2004
305 06 07 30 37 41 43 20/03/2004
306 06 31 32 36 42 45 24/03/2004
307 09 18 21 29 37 41 27/03/2004
308 05 25 37 40 42 43 31/03/2004
309 14 18 22 31 37 44 03/04/2004
310 10 12 26 30 31 38 07/04/2004
311 14 18 20 21 37 43 10/04/2004
312 01 02 13 21 29 34 14/04/2004
313 05 08 09 24 35 44 17/04/2004
314 11 15 22 26 28 43 21/04/2004
315 06 22 24 33 40 44 24/04/2004
316 10 15 23 24 38 40 28/04/2004
317 10 25 30 36 40 45 01/05/2004
318 02 08 15 27 35 44 05/05/2004
319 10 16 21 31 42 43 08/05/2004
320 02 06 12 25 35 37 12/05/2004
321 06 09 19 34 35 38 15/05/2004
322 09 15 34 35 37 42 19/05/2004
323 04 09 24 27 29 31 22/05/2004
324 04 18 21 32 36 39 26/05/2004
325 04 10 14 24 26 38 29/05/2004
326 05 12 14 24 36 44 02/06/2004
327 01 02 07 13 35 44 05/06/2004
328 03 05 07 18 31 40 09/06/2004
329 11 14 15 16 20 31 12/06/2004
330 17 21 31 33 36 40 16/06/2004
331 16 23 24 28 32 44 19/06/2004
332 06 08 15 19 36 37 23/06/2004
333 08 12 31 33 40 45 26/06/2004
334 03 09 12 13 37 40 30/06/2004
335 18 23 31 35 38 45 03/07/2004
336 08 10 16 19 23 41 07/07/2004
337 01 26 27 28 37 39 10/07/2004
338 04 09 14 26 27 33 14/07/2004
339 05 13 21 22 33 43 17/07/2004
340 07 17 20 22 34 37 21/07/2004
341 05 16 21 24 26 29 24/07/2004
342 01 11 19 27 38 41 28/07/2004
343 02 06 09 31 32 36 31/07/2004
344 08 11 14 28 31 43 04/08/2004
345 07 15 21 22 28 34 07/08/2004
346 04 05 12 33 40 43 11/08/2004
347 07 09 19 21 29 43 14/08/2004
348 16 24 38 40 42 44 18/08/2004
349 03 06 24 29 31 37 21/08/2004
350 02 10 17 29 33 42 25/08/2004
351 06 17 19 22 28 41 28/08/2004
352 12 22 25 26 33 42 01/09/2004
353 02 10 11 24 42 44 04/09/2004
354 21 33 36 37 40 45 08/09/2004
355 05 13 16 26 28 31 11/09/2004
356 04 09 11 37 39 41 15/09/2004
357 18 21 33 36 37 42 18/09/2004
358 03 15 24 31 36 39 22/09/2004
359 24 30 31 33 34 39 25/09/2004
360 01 05 08 33 35 42 29/09/2004
361 16 17 21 35 39 41 02/10/2004
362 08 10 21 22 39 44 06/10/2004
363 02 34 37 42 44 45 09/10/2004
364 05 06 19 21 29 36 13/10/2004
365 08 14 19 25 26 37 16/10/2004
366 11 26 29 36 38 45 20/10/2004
367 04 13 14 22 33 38 23/10/2004
368 07 24 28 32 36 44 27/10/2004
369 07 16 23 38 41 45 30/10/2004
370 08 29 36 38 44 45 03/11/2004
371 04 08 14 23 25 31 06/11/2004
372 03 04 06 12 21 43 10/11/2004
373 02 03 06 13 16 26 13/11/2004
374 08 12 29 34 35 37 17/11/2004
375 03 10 12 14 38 45 20/11/2004
376 10 15 18 21 28 35 24/11/2004
377 10 20 27 29 33 44 27/11/2004
378 05 08 11 21 42 45 01/12/2004
379 20 22 31 38 44 45 04/12/2004
380 05 06 12 14 18 40 08/12/2004
381 02 15 24 28 30 37 11/12/2004
382 03 13 29 33 43 44 15/12/2004
383 11 12 25 30 37 42 18/12/2004
384 11 20 25 37 42 45 22/12/2004
385 18 20 28 39 40 41 25/12/2004
386 11 16 18 20 42 45 29/12/2004
387 21 25 34 37 44 45 01/01/2005
388 01 07 21 23 40 41 05/01/2005
389 15 16 18 20 35 36 08/01/2005
390 07 22 27 34 35 42 12/01/2005
391 02 25 28 31 38 44 15/01/2005
392 04 14 25 30 39 43 19/01/2005
393 03 04 11 14 30 32 22/01/2005
394 02 08 17 26 35 40 26/01/2005
395 13 24 27 33 35 42 29/01/2005
396 05 11 15 16 20 32 02/02/2005
397 06 14 16 26 36 40 05/02/2005
398 11 18 24 25 29 40 09/02/2005
399 03 23 28 33 35 40 12/02/2005
400 07 14 21 27 33 43 16/02/2005
401 06 13 26 39 41 42 19/02/2005
402 14 17 21 25 36 38 23/02/2005
403 04 15 17 27 35 37 26/02/2005
404 04 16 29 32 33 38 02/03/2005
405 01 08 23 24 26 45 05/03/2005
406 05 10 12 25 30 35 09/03/2005
407 07 10 29 33 35 43 12/03/2005
408 03 16 18 30 36 43 16/03/2005
409 05 10 32 38 40 43 19/03/2005
410 08 10 13 14 15 36 23/03/2005
411 07 17 26 39 41 42 26/03/2005
412 01 13 15 26 30 38 30/03/2005
413 08 18 21 24 39 40 02/04/2005
414 03 05 12 20 34 45 06/04/2005
415 15 22 25 30 37 38 09/04/2005
416 06 14 15 16 26 41 13/04/2005
417 17 18 19 26 34 38 16/04/2005
418 01 04 09 10 17 41 20/04/2005
419 05 21 23 31 34 43 23/04/2005
420 02 06 08 29 33 44 27/04/2005
421 08 16 18 19 24 44 30/04/2005
422 01 04 07 11 17 20 04/05/2005
423 08 09 12 30 37 39 07/05/2005
424 07 09 10 33 38 40 11/05/2005
425 03 13 14 28 34 40 14/05/2005
426 03 11 19 20 21 36 18/05/2005
427 05 13 20 30 42 44 21/05/2005
428 04 11 23 31 32 36 25/05/2005
429 05 10 16 18 29 36 28/05/2005
430 01 04 25 31 34 42 01/06/2005
431 07 12 14 15 27 32 04/06/2005
432 01 08 23 24 35 44 08/06/2005
433 04 10 13 14 23 24 11/06/2005
434 02 03 12 13 16 31 15/06/2005
435 07 08 12 21 37 45 18/06/2005
436 14 16 25 31 36 38 22/06/2005
437 02 03 13 33 35 43 25/06/2005
438 09 10 13 20 31 33 29/06/2005
439 10 11 19 27 43 44 02/07/2005
440 04 10 13 15 19 41 06/07/2005
441 03 08 13 24 27 35 09/07/2005
442 07 10 12 24 25 27 13/07/2005
443 08 16 18 25 30 44 16/07/2005
444 04 14 24 30 41 43 20/07/2005
445 02 06 08 32 35 43 23/07/2005
446 05 23 24 27 30 43 27/07/2005
447 04 11 22 26 29 33 30/07/2005
448 02 03 04 15 19 42 03/08/2005
449 02 14 22 32 33 43 06/08/2005
450 02 05 09 20 24 33 10/08/2005
451 02 04 23 26 30 32 13/08/2005
452 05 18 19 30 31 42 17/08/2005
453 01 06 17 32 33 34 20/08/2005
454 06 13 25 27 37 39 24/08/2005
455 01 03 12 18 21 24 27/08/2005
456 02 12 18 22 43 45 31/08/2005
457 03 07 11 17 26 27 03/09/2005
458 10 19 32 43 44 45 07/09/2005
459 12 13 19 41 42 45 10/09/2005
460 03 12 21 27 29 43 14/09/2005
461 06 08 15 24 31 34 17/09/2005
462 03 05 22 26 31 35 21/09/2005
463 06 07 34 37 38 43 24/09/2005
464 02 03 04 18 35 41 28/09/2005
465 04 07 11 18 27 31 01/10/2005
466 04 13 18 22 27 42 05/10/2005
467 02 15 16 24 28 30 08/10/2005
468 10 14 18 22 27 45 12/10/2005
469 14 17 25 29 32 38 15/10/2005
470 04 15 17 26 35 45 19/10/2005
471 04 16 18 22 23 35 22/10/2005
472 10 22 27 40 41 43 26/10/2005
473 10 12 24 40 43 44 29/10/2005
474 03 16 19 20 41 44 02/11/2005
475 02 06 24 28 42 44 05/11/2005
476 03 05 10 15 27 43 09/11/2005
477 15 21 22 25 32 42 12/11/2005
478 11 19 22 25 35 42 16/11/2005
479 03 20 23 28 31 45 19/11/2005
480 05 06 22 26 28 31 23/11/2005
481 07 29 32 39 40 41 26/11/2005
482 04 14 15 19 29 34 30/11/2005
483 03 06 09 13 41 42 03/12/2005
484 02 17 24 36 41 42 07/12/2005
485 03 10 11 21 28 32 10/12/2005
486 06 20 22 30 32 40 14/12/2005
487 07 13 25 31 40 45 17/12/2005
488 18 20 35 36 37 44 21/12/2005
489 29 33 39 40 41 45 24/12/2005
490 06 25 26 27 34 35 28/12/2005
491 02 04 08 10 30 39 31/12/2005
492 09 20 22 27 33 45 04/01/2006
493 07 16 32 34 35 41 07/01/2006
494 05 06 18 21 29 34 11/01/2006
495 02 05 10 20 39 42 14/01/2006
496 02 20 23 32 34 38 18/01/2006
497 07 08 09 23 39 43 21/01/2006
498 05 25 34 39 41 44 25/01/2006
499 09 18 22 28 35 44 28/01/2006
500 01 11 12 25 27 44 01/02/2006
501 07 13 25 32 36 45 04/02/2006
502 02 05 17 23 24 25 08/02/2006
503 11 14 21 34 35 43 11/02/2006
504 16 20 23 30 33 45 15/02/2006
505 15 21 22 30 37 41 18/02/2006
506 02 21 27 33 37 43 22/02/2006
507 15 25 30 31 33 40 25/02/2006
508 02 03 05 26 40 41 01/03/2006
509 04 05 06 10 29 38 04/03/2006
510 04 08 09 10 23 32 08/03/2006
511 11 19 20 21 23 30 11/03/2006
512 08 10 23 28 29 43 15/03/2006
513 04 15 23 34 43 44 18/03/2006
514 08 09 13 17 35 41 22/03/2006
515 15 32 33 35 38 39 25/03/2006
516 10 13 15 17 22 37 29/03/2006
517 01 08 18 26 27 42 01/04/2006
518 04 06 23 32 34 42 05/04/2006
519 05 12 25 33 42 43 08/04/2006
520 09 29 30 37 38 39 12/04/2006
521 02 07 10 21 38 45 15/04/2006
522 10 12 18 20 22 35 19/04/2006
523 02 13 15 19 22 45 22/04/2006
524 02 13 14 30 39 42 26/04/2006
525 02 10 17 31 38 44 29/04/2006
526 30 37 38 42 43 45 03/05/2006
527 02 20 22 23 25 33 06/05/2006
528 09 12 20 30 34 35 10/05/2006
529 05 18 25 30 38 44 13/05/2006
530 05 12 17 27 36 40 17/05/2006
531 14 19 20 24 28 39 20/05/2006
532 04 25 30 31 33 37 24/05/2006
533 03 30 37 38 39 43 27/05/2006
534 16 19 21 30 35 43 31/05/2006
535 04 10 18 26 33 40 03/06/2006
536 02 10 21 23 33 39 07/06/2006
537 14 29 31 33 44 45 10/06/2006
538 03 17 21 23 25 29 14/06/2006
539 08 12 19 26 30 31 17/06/2006
540 04 15 21 24 29 42 21/06/2006
541 02 03 13 16 34 43 24/06/2006
542 04 05 31 33 36 37 28/06/2006
543 01 08 19 24 29 39 01/07/2006
544 03 04 14 16 27 32 05/07/2006
545 15 17 20 22 25 36 08/07/2006
546 11 12 19 24 33 38 12/07/2006
547 15 16 22 31 40 42 15/07/2006
548 02 04 13 15 23 26 19/07/2006
549 04 09 25 36 37 43 22/07/2006
550 05 06 10 20 27 43 26/07/2006
551 04 05 16 23 24 45 29/07/2006
552 01 07 12 17 18 41 02/08/2006
553 12 20 24 31 33 39 05/08/2006
554 02 11 21 23 28 42 09/08/2006
555 06 19 20 24 25 43 12/08/2006
556 24 27 28 32 41 43 16/08/2006
557 14 15 18 19 28 43 19/08/2006
558 01 08 17 30 31 32 23/08/2006
559 08 14 22 32 34 45 26/08/2006
560 07 11 14 16 17 21 30/08/2006
561 12 15 21 27 40 42 02/09/2006
562 19 37 38 40 41 43 06/09/2006
563 08 11 19 22 30 33 09/09/2006
564 08 17 32 39 41 45 13/09/2006
565 06 09 11 15 23 45 16/09/2006
566 10 24 29 30 37 39 20/09/2006
567 09 14 20 25 27 33 23/09/2006
568 06 11 12 27 33 38 27/09/2006
569 02 07 28 38 44 45 30/09/2006
570 11 12 13 15 17 18 04/10/2006
571 02 11 16 28 36 39 07/10/2006
572 03 12 16 30 39 40 11/10/2006
573 17 20 24 26 33 41 14/10/2006
574 17 27 28 32 33 37 18/10/2006
575 01 13 15 20 22 40 21/10/2006
576 02 09 25 31 35 44 25/10/2006
577 06 14 18 20 35 37 28/10/2006
578 11 26 35 40 43 45 01/11/2006
579 04 09 14 21 32 35 04/11/2006
580 07 08 27 31 36 39 08/11/2006
581 02 07 10 23 25 42 11/11/2006
582 02 08 27 28 33 39 15/11/2006
583 14 16 18 22 24 39 18/11/2006
584 02 16 20 25 29 41 22/11/2006
585 01 22 27 29 38 39 25/11/2006
586 07 23 28 38 43 45 29/11/2006
587 05 08 23 27 40 43 02/12/2006
588 05 09 11 17 26 27 06/12/2006
589 02 08 15 22 29 42 09/12/2006
590 07 10 14 23 35 40 13/12/2006
591 03 06 10 11 18 44 16/12/2006
592 24 29 31 39 41 43 20/12/2006
593 02 07 15 22 24 28 23/12/2006
594 06 17 29 38 41 42 27/12/2006
595 03 06 16 34 43 44 30/12/2006
596 04 05 15 16 32 40 03/01/2007
597 01 20 24 28 30 43 06/01/2007
598 01 07 18 30 32 34 10/01/2007
599 02 05 11 12 17 42 13/01/2007
600 19 28 30 33 34 36 17/01/2007
601 01 02 12 15 19 21 20/01/2007
602 09 21 24 30 35 36 24/01/2007
603 14 18 22 27 40 43 27/01/2007
604 04 08 11 24 38 45 31/01/2007
605 04 23 24 33 41 45 03/02/2007
606 14 20 29 32 39 41 07/02/2007
607 05 07 08 12 22 45 10/02/2007
608 03 11 13 25 27 36 14/02/2007
609 04 05 24 29 30 31 17/02/2007
610 02 11 24 26 30 32 21/02/2007
611 15 19 21 33 40 44 24/02/2007
612 09 22 25 31 39 42 28/02/2007
613 02 03 04 09 15 30 03/03/2007
614 03 04 09 18 20 32 07/03/2007
615 04 08 10 25 30 35 10/03/2007
616 04 06 18 23 25 37 14/03/2007
617 07 13 15 16 23 31 17/03/2007
618 11 17 20 22 39 45 21/03/2007
619 04 05 13 16 18 20 24/03/2007
620 01 02 25 27 43 45 28/03/2007
621 06 09 11 14 32 36 31/03/2007
622 04 06 17 18 22 38 04/04/2007
623 07 12 14 29 42 44 07/04/2007
624 03 09 14 16 19 20 11/04/2007
625 02 05 13 14 20 21 14/04/2007
626 18 21 26 28 32 39 18/04/2007
627 02 13 21 23 28 38 21/04/2007
628 01 06 20 34 36 43 25/04/2007
629 02 03 05 09 26 29 28/04/2007
630 01 03 04 07 30 43 02/05/2007
631 10 12 14 27 32 35 05/05/2007
632 05 23 25 31 33 41 09/05/2007
633 07 10 11 23 24 37 12/05/2007
634 02 04 10 26 34 41 16/05/2007
635 03 07 11 23 36 38 19/05/2007
636 24 32 34 40 42 45 23/05/2007
637 03 07 17 19 33 41 26/05/2007
638 09 21 22 32 33 35 30/05/2007
639 02 09 20 23 28 35 02/06/2007
640 10 11 18 31 43 45 06/06/2007
641 03 06 15 17 34 36 09/06/2007
642 17 20 23 26 32 42 13/06/2007
643 05 07 16 23 32 34 16/06/2007
644 05 11 14 21 39 42 20/06/2007
645 03 09 18 26 33 44 23/06/2007
646 07 09 11 25 26 29 27/06/2007
647 01 05 11 18 24 35 30/06/2007
648 06 21 25 26 31 39 04/07/2007
649 01 11 23 29 32 33 07/07/2007
650 02 03 13 21 33 38 11/07/2007
651 01 02 13 20 26 27 14/07/2007
652 18 23 26 34 40 43 18/07/2007
653 09 11 28 29 30 34 21/07/2007
654 07 09 23 36 39 40 25/07/2007
655 08 26 29 38 39 45 28/07/2007
656 15 19 24 28 30 42 01/08/2007
657 03 05 12 19 31 34 04/08/2007
658 01 05 07 25 29 45 08/08/2007
659 09 20 21 25 33 38 11/08/2007
660 03 05 06 08 13 26 15/08/2007
661 02 09 10 15 19 28 18/08/2007
662 04 09 23 26 28 41 22/08/2007
663 03 14 16 34 36 45 25/08/2007
664 02 04 11 13 16 41 29/08/2007
665 06 08 16 21 22 26 01/09/2007
666 04 14 27 30 32 34 05/09/2007
667 01 20 26 32 40 44 08/09/2007
668 08 16 29 30 35 41 12/09/2007
669 16 20 24 25 39 44 15/09/2007
670 01 14 26 29 39 41 19/09/2007
671 03 05 16 33 35 44 22/09/2007
672 08 24 25 34 36 37 26/09/2007
673 01 04 26 37 42 45 29/09/2007
674 03 10 16 28 30 39 03/10/2007
675 02 11 27 32 37 41 06/10/2007
676 15 21 23 28 36 43 10/10/2007
677 14 17 20 21 32 43 13/10/2007
678 02 05 17 37 40 43 17/10/2007
679 09 15 17 29 30 35 20/10/2007
680 02 08 19 23 24 29 24/10/2007
681 03 04 08 29 38 43 27/10/2007
682 07 09 16 17 26 44 31/10/2007
683 06 17 28 36 38 45 03/11/2007
684 04 06 10 21 34 39 07/11/2007
685 01 06 09 20 23 26 10/11/2007
686 01 02 09 14 16 43 14/11/2007
687 01 02 29 30 40 44 17/11/2007
688 13 14 18 25 41 43 21/11/2007
689 17 18 20 35 36 43 24/11/2007
690 10 13 16 24 40 41 28/11/2007
691 08 13 17 25 29 39 01/12/2007
692 08 25 28 31 42 44 05/12/2007
693 04 11 30 33 35 36 08/12/2007
694 02 08 35 36 37 39 12/12/2007
695 04 08 18 19 20 26 15/12/2007
696 02 13 16 21 29 43 19/12/2007
697 06 13 21 28 38 41 22/12/2007
698 02 12 28 29 39 43 26/12/2007
699 07 09 23 40 42 44 29/12/2007
700 03 10 12 14 21 37 02/01/2008
701 07 27 29 30 33 38 05/01/2008
702 05 15 27 32 33 34 09/01/2008
703 02 08 13 24 29 30 12/01/2008
704 02 03 08 34 35 44 16/01/2008
705 05 07 14 31 35 45 19/01/2008
706 07 27 28 30 39 40 23/01/2008
707 04 12 22 26 42 44 26/01/2008
708 01 04 18 27 35 37 30/01/2008
709 09 11 16 17 24 37 02/02/2008
710 01 14 15 24 30 35 06/02/2008
711 05 10 15 29 36 45 09/02/2008
712 05 10 22 26 42 45 13/02/2008
713 05 29 31 32 35 39 16/02/2008
714 03 15 27 36 39 42 20/02/2008
715 02 14 19 20 21 27 23/02/2008
716 05 24 28 36 40 44 27/02/2008
717 20 22 24 26 30 43 01/03/2008
718 02 16 26 27 39 44 05/03/2008
719 13 15 21 23 37 44 08/03/2008
720 02 10 12 14 15 38 12/03/2008
721 03 09 14 20 21 23 15/03/2008
722 07 19 21 24 27 36 19/03/2008
723 31 34 35 36 41 44 22/03/2008
724 01 06 14 16 18 41 26/03/2008
725 02 16 21 29 36 42 29/03/2008
726 03 23 30 33 41 43 02/04/2008
727 06 08 15 18 22 40 05/04/2008
728 08 09 27 29 30 42 09/04/2008
729 01 10 18 21 22 31 12/04/2008
730 06 07 13 24 33 40 16/04/2008
731 02 05 06 09 21 22 19/04/2008
732 04 09 10 23 37 38 23/04/2008
733 03 30 36 38 39 44 26/04/2008
734 06 08 12 22 28 41 30/04/2008
735 01 06 14 17 19 22 03/05/2008
736 01 11 24 35 43 44 07/05/2008
737 03 04 08 12 31 42 10/05/2008
738 07 08 15 19 22 36 14/05/2008
739 10 16 21 24 26 45 17/05/2008
740 12 22 24 33 37 40 21/05/2008
741 08 10 11 23 29 42 24/05/2008
742 11 12 18 22 32 37 28/05/2008
743 02 03 19 26 36 37 31/05/2008
744 02 13 14 31 36 41 04/06/2008
745 08 10 18 29 31 39 07/06/2008
746 02 14 24 34 35 45 11/06/2008
747 01 02 05 22 31 43 14/06/2008
748 02 06 23 25 39 45 18/06/2008
749 02 05 10 28 39 44 21/06/2008
750 04 23 24 30 32 37 25/06/2008
751 03 17 32 34 35 44 28/06/2008
752 07 10 12 15 16 22 02/07/2008
753 03 14 26 33 39 42 05/07/2008
754 04 07 13 15 44 45 09/07/2008
755 02 05 09 11 21 37 12/07/2008
756 02 03 13 21 29 41 16/07/2008
757 06 08 20 26 38 41 19/07/2008
758 10 19 20 21 22 32 23/07/2008
759 09 24 26 32 39 45 26/07/2008
760 03 15 27 36 38 43 30/07/2008
761 02 04 05 11 33 38 02/08/2008
762 15 20 21 23 35 38 06/08/2008
763 12 28 29 31 42 44 09/08/2008
764 08 15 22 28 32 39 13/08/2008
765 18 27 31 34 37 43 16/08/2008
766 13 17 32 35 42 43 20/08/2008
767 04 13 24 26 28 33 23/08/2008
768 02 12 14 18 23 42 27/08/2008
769 01 23 35 36 40 45 30/08/2008
770 07 08 13 16 21 34 03/09/2008
771 01 08 13 33 36 44 06/09/2008
772 11 20 31 34 39 42 10/09/2008
773 17 21 26 27 40 45 13/09/2008
774 23 26 30 31 37 38 17/09/2008
775 15 28 30 37 38 40 20/09/2008
776 05 06 18 21 23 26 24/09/2008
777 03 05 13 29 30 35 27/09/2008
778 02 03 13 32 38 40 01/10/2008
779 07 15 16 18 25 45 04/10/2008
780 03 08 25 35 36 39 08/10/2008
781 01 04 07 19 29 36 11/10/2008
782 06 17 26 35 43 45 15/10/2008
783 03 05 21 24 36 45 18/10/2008
784 02 05 19 21 37 40 22/10/2008
785 01 04 15 27 35 36 25/10/2008
786 06 10 21 25 30 45 29/10/2008
787 01 02 03 04 28 45 01/11/2008
788 07 10 14 23 27 41 05/11/2008
789 01 17 29 40 42 45 08/11/2008
790 06 10 16 30 34 40 12/11/2008
791 05 23 27 37 43 44 15/11/2008
792 04 16 37 38 40 45 19/11/2008
793 03 07 09 11 14 43 22/11/2008
794 01 04 09 14 29 35 26/11/2008
795 10 19 28 32 38 45 29/11/2008
796 14 21 26 30 32 39 03/12/2008
797 05 20 26 28 30 41 06/12/2008
798 01 02 08 09 12 19 10/12/2008
799 13 17 22 38 41 45 13/12/2008
800 16 32 33 36 40 41 17/12/2008
801 03 15 35 36 39 44 20/12/2008
802 05 16 23 25 31 43 24/12/2008
803 07 16 19 22 29 40 27/12/2008
804 10 14 15 30 35 37 31/12/2008
805 03 06 10 19 20 34 03/01/2009
806 02 03 05 18 26 45 07/01/2009
807 02 08 19 22 24 29 10/01/2009
808 04 07 14 19 28 39 14/01/2009
809 11 15 16 19 27 45 17/01/2009
810 07 23 24 31 41 42 21/01/2009
811 04 06 12 14 19 33 24/01/2009
812 03 07 22 26 29 42 28/01/2009
813 04 20 22 24 32 44 31/01/2009
814 03 24 27 34 43 45 04/02/2009
815 11 14 15 17 22 45 07/02/2009
816 04 08 21 23 29 31 11/02/2009
817 10 19 30 33 35 43 14/02/2009
818 01 05 07 14 27 32 18/02/2009
819 01 04 07 31 40 44 21/02/2009
820 02 15 21 23 38 40 25/02/2009
821 03 11 17 22 25 30 28/02/2009
822 06 13 29 33 42 43 04/03/2009
823 09 11 12 15 38 41 07/03/2009
824 03 04 11 22 36 41 11/03/2009
825 02 04 12 18 27 41 14/03/2009
826 01 14 28 35 38 45 18/03/2009
827 02 09 19 21 28 33 21/03/2009
828 15 19 21 24 27 33 25/03/2009
829 11 21 28 29 43 44 28/03/2009
830 02 13 16 23 29 44 01/04/2009
831 01 06 08 21 31 37 04/04/2009
832 12 17 25 26 35 42 08/04/2009
833 03 04 07 24 42 44 11/04/2009
834 06 12 14 29 40 41 15/04/2009
835 06 09 10 29 37 41 18/04/2009
836 08 16 17 28 33 35 22/04/2009
837 07 11 17 21 29 42 25/04/2009
838 01 09 20 26 35 36 29/04/2009
839 11 12 25 26 29 37 02/05/2009
840 02 05 10 18 31 38 06/05/2009
841 06 09 27 31 36 43 09/05/2009
842 13 16 19 40 41 43 13/05/2009
843 08 12 20 22 27 28 16/05/2009
844 09 15 20 29 37 42 20/05/2009
845 04 05 06 16 24 35 23/05/2009
846 09 17 21 28 34 44 27/05/2009
847 06 08 14 18 38 40 30/05/2009
848 06 13 26 27 28 33 03/06/2009
849 09 21 33 36 38 45 06/06/2009
850 01 14 16 23 27 44 10/06/2009
851 16 26 27 38 41 45 13/06/2009
852 02 20 24 27 38 40 17/06/2009
853 11 14 24 31 35 39 20/06/2009
854 09 19 28 30 33 35 24/06/2009
855 19 22 24 34 44 45 27/06/2009
856 01 06 15 22 27 33 01/07/2009
857 12 17 19 29 39 40 04/07/2009
858 02 06 07 16 20 31 08/07/2009
859 01 04 05 12 13 39 11/07/2009
860 01 03 24 26 39 42 15/07/2009
861 09 13 16 28 31 36 18/07/2009
862 09 10 26 27 28 43 22/07/2009
863 06 08 20 31 32 37 25/07/2009
864 02 04 33 36 41 45 29/07/2009
865 03 20 30 35 38 41 01/08/2009
866 04 09 10 34 42 43 05/08/2009
867 05 11 17 21 39 44 08/08/2009
868 04 06 09 21 29 44 12/08/2009
869 03 04 05 18 25 44 15/08/2009
870 03 09 12 36 38 44 19/08/2009
871 02 10 13 17 32 38 22/08/2009
872 08 16 27 28 33 35 26/08/2009
873 13 27 31 32 42 43 29/08/2009
874 01 10 16 18 25 45 02/09/2009
875 01 09 12 13 22 33 05/09/2009
876 07 14 15 17 32 40 09/09/2009
877 15 22 23 25 27 45 12/09/2009
878 04 08 14 18 28 41 16/09/2009
879 05 19 22 26 32 36 19/09/2009
880 02 12 16 18 30 34 23/09/2009
881 13 16 22 24 37 40 26/09/2009
882 02 06 07 11 23 24 30/09/2009
883 13 14 17 20 40 42 03/10/2009
884 06 12 29 30 36 40 07/10/2009
885 02 15 16 20 23 43 10/10/2009
886 09 11 19 20 30 42 14/10/2009
887 15 18 22 30 40 44 17/10/2009
888 05 07 11 20 35 40 21/10/2009
889 06 10 12 22 30 41 24/10/2009
890 05 21 23 29 36 44 28/10/2009
891 02 25 28 30 42 44 31/10/2009
892 23 25 27 29 30 38 04/11/2009
893 05 11 25 29 30 37 07/11/2009
894 05 06 08 24 30 34 11/11/2009
895 01 02 33 40 43 44 14/11/2009
896 09 12 27 35 40 43 18/11/2009
897 08 10 24 31 36 39 21/11/2009
898 05 11 17 24 32 45 25/11/2009
899 18 23 33 34 43 44 28/11/2009
900 02 09 15 22 39 40 02/12/2009
901 05 07 10 19 26 40 05/12/2009
902 06 18 23 28 29 36 09/12/2009
903 02 20 26 32 39 45 12/12/2009
904 04 10 17 36 42 43 16/12/2009
905 07 09 12 14 33 40 19/12/2009
906 08 13 16 28 30 37 23/12/2009
907 22 26 30 33 39 40 26/12/2009
908 03 06 07 38 42 45 30/12/2009
909 06 08 16 22 23 28 02/01/2010
910 26 33 35 36 40 42 06/01/2010
911 09 21 25 26 38 41 09/01/2010
912 13 19 24 39 41 42 13/01/2010
913 06 14 17 30 35 38 16/01/2010
914 03 09 15 29 34 37 20/01/2010
915 02 04 30 34 35 36 23/01/2010
916 01 11 15 20 30 40 27/01/2010
917 08 09 16 18 29 43 30/01/2010
918 02 04 07 10 17 23 03/02/2010
919 02 04 17 34 40 44 06/02/2010
920 01 07 22 39 41 44 10/02/2010
921 04 14 17 29 31 37 13/02/2010
922 02 03 17 22 23 27 17/02/2010
923 04 10 12 23 30 36 20/02/2010
924 02 03 22 24 35 39 24/02/2010
925 11 15 22 24 25 29 27/02/2010
926 03 16 19 33 35 44 03/03/2010
927 10 16 23 26 27 39 06/03/2010
928 01 12 19 21 24 39 10/03/2010
929 04 12 18 28 33 40 13/03/2010
930 08 09 26 27 35 42 17/03/2010
931 03 08 18 33 34 45 20/03/2010
932 05 11 14 20 22 43 24/03/2010
933 03 05 34 36 40 43 27/03/2010
934 01 09 10 14 15 18 31/03/2010
935 06 10 21 28 43 44 03/04/2010
936 08 23 26 27 31 43 07/04/2010
937 03 04 08 18 26 42 10/04/2010
938 05 12 18 19 20 45 14/04/2010
939 11 14 18 21 27 45 17/04/2010
940 11 28 30 36 40 41 21/04/2010
941 03 10 11 15 17 24 24/04/2010
942 08 11 17 22 28 45 28/04/2010
943 02 18 22 24 37 39 01/05/2010
944 03 04 12 24 40 45 05/05/2010
945 07 11 12 23 26 31 08/05/2010
946 02 24 25 32 34 42 12/05/2010
947 04 06 08 23 32 40 15/05/2010
948 05 07 14 27 31 39 19/05/2010
949 04 05 06 08 11 24 22/05/2010
950 01 12 13 17 28 36 26/05/2010
951 09 10 14 27 28 36 29/05/2010
952 08 12 24 36 42 45 02/06/2010
953 16 25 29 35 37 45 05/06/2010
954 04 15 26 28 36 37 09/06/2010
955 02 08 10 15 20 40 12/06/2010
956 08 12 19 29 42 45 16/06/2010
957 02 08 10 11 13 44 19/06/2010
958 27 30 36 38 39 45 23/06/2010
959 04 06 18 21 27 33 26/06/2010
960 03 10 17 19 25 44 30/06/2010
961 01 10 22 27 29 34 03/07/2010
962 06 14 20 24 37 38 07/07/2010
963 03 07 11 14 17 23 10/07/2010
964 09 18 19 21 29 35 14/07/2010
965 08 09 13 14 19 39 17/07/2010
966 17 18 22 23 28 45 21/07/2010
967 01 06 08 18 24 34 24/07/2010
968 28 29 37 38 39 42 28/07/2010
969 15 16 19 32 34 42 31/07/2010
970 03 06 11 15 22 26 04/08/2010
971 04 05 17 30 40 41 07/08/2010
972 01 02 19 32 37 39 11/08/2010
973 07 17 21 23 25 29 14/08/2010
974 11 15 22 28 30 35 18/08/2010
975 10 22 32 38 43 45 21/08/2010
976 01 06 08 18 22 40 25/08/2010
977 02 07 23 29 36 40 28/08/2010
978 05 11 16 18 20 39 01/09/2010
979 03 15 22 26 30 35 04/09/2010
980 05 14 15 37 39 40 08/09/2010
981 02 15 17 18 29 38 11/09/2010
982 09 16 19 23 27 31 15/09/2010
983 09 14 20 23 38 45 18/09/2010
984 15 17 20 22 28 33 22/09/2010
985 13 18 23 25 27 44 25/09/2010
986 04 10 15 28 34 39 29/09/2010
987 12 21 22 26 33 44 02/10/2010
988 09 18 25 31 35 45 06/10/2010
989 14 15 22 30 37 45 09/10/2010
990 08 09 16 22 29 44 13/10/2010
991 05 19 21 26 36 39 16/10/2010
992 06 14 16 17 30 32 20/10/2010
993 07 12 21 25 35 39 23/10/2010
994 01 02 04 10 25 40 27/10/2010
995 01 07 15 19 35 42 30/10/2010
996 07 15 17 19 29 38 03/11/2010
997 15 19 22 31 33 42 06/11/2010
998 02 11 18 24 27 36 10/11/2010
999 08 16 20 29 32 42 13/11/2010
1000 10 17 35 36 38 41 17/11/2010
1001 14 19 21 22 32 36 20/11/2010
1002 08 20 25 31 32 37 24/11/2010
1003 03 10 22 24 40 45 27/11/2010
1004 03 19 20 25 30 33 01/12/2010
1005 01 04 06 11 32 41 04/12/2010
1006 09 12 20 24 27 28 08/12/2010
1007 06 10 20 26 28 36 11/12/2010
1008 26 28 30 32 33 39 15/12/2010
1009 02 06 15 19 27 44 18/12/2010
1010 15 17 18 21 25 40 22/12/2010
1011 01 03 08 12 43 45 25/12/2010
1012 05 13 17 31 41 42 29/12/2010
1013 07 13 19 27 34 43 01/01/2011
1014 04 08 11 15 16 38 05/01/2011
1015 07 09 10 32 37 41 08/01/2011
1016 13 15 17 27 44 45 12/01/2011
1017 03 21 30 33 38 42 15/01/2011
1018 08 17 34 35 36 40 19/01/2011
1019 01 04 12 13 14 31 22/01/2011
1020 15 17 37 40 41 44 26/01/2011
1021 04 06 31 35 38 44 29/01/2011
1022 16 19 22 26 35 41 02/02/2011
1023 04 06 28 31 33 44 05/02/2011
1024 23 24 29 34 39 45 09/02/2011
1025 14 15 27 30 32 39 12/02/2011
1026 15 16 22 24 25 40 16/02/2011
1027 03 05 12 21 37 45 19/02/2011
1028 03 16 26 35 37 40 23/02/2011
1029 05 10 11 24 28 35 26/02/2011
1030 11 14 16 19 32 43 02/03/2011
1031 13 14 19 24 25 29 05/03/2011
1032 02 03 11 14 24 35 09/03/2011
1033 09 23 31 34 42 44 12/03/2011
1034 07 13 14 18 36 45 16/03/2011
1035 04 09 18 33 43 44 19/03/2011
1036 01 16 25 29 35 44 23/03/2011
1037 02 29 33 35 40 42 26/03/2011
1038 03 15 22 23 24 34 30/03/2011
1039 17 22 33 36 37 38 02/04/2011
1040 07 16 20 31 35 41 06/04/2011
1041 05 11 28 34 39 43 09/04/2011
1042 08 09 20 34 37 38 13/04/2011
1043 06 09 33 38 40 45 16/04/2011
1044 05 13 14 27 37 42 20/04/2011
1045 13 16 17 26 35 44 23/04/2011
1046 18 20 27 34 36 41 27/04/2011
1047 03 04 06 13 42 43 30/04/2011
1048 01 09 14 16 20 31 04/05/2011
1049 06 16 20 21 27 44 07/05/2011
1050 05 12 28 34 35 42 11/05/2011
1051 01 08 09 27 35 41 14/05/2011
1052 14 15 24 33 40 45 18/05/2011
1053 11 17 24 39 41 43 21/05/2011
1054 03 08 11 13 22 37 25/05/2011
1055 20 31 32 38 42 44 28/05/2011
1056 02 13 18 28 30 33 01/06/2011
1057 06 24 25 35 36 43 04/06/2011
1058 10 17 24 25 27 29 08/06/2011
1059 01 08 09 16 24 39 11/06/2011
1060 12 15 28 30 39 40 15/06/2011
1061 03 04 07 09 27 36 18/06/2011
1062 02 17 19 26 32 45 22/06/2011
1063 10 12 21 24 36 39 25/06/2011
1064 15 21 26 29 35 37 29/06/2011
1065 10 17 20 31 39 41 02/07/2011
1066 09 11 21 25 29 40 06/07/2011
1067 06 07 24 30 36 39 09/07/2011
1068 10 22 33 39 43 45 13/07/2011
1069 13 20 26 27 28 43 16/07/2011
1070 02 06 12 16 20 34 20/07/2011
1071 06 10 19 20 28 37 23/07/2011
1072 03 07 24 28 29 35 27/07/2011
1073 01 03 05 08 13 36 30/07/2011
1074 02 09 18 31 36 37 03/08/2011
1075 03 05 23 25 33 43 06/08/2011
1076 01 02 09 11 12 15 10/08/2011
1077 02 11 12 17 24 36 13/08/2011
1078 01 13 18 39 43 44 17/08/2011
1079 09 15 19 28 31 32 20/08/2011
1080 02 08 10 17 27 37 24/08/2011
1081 03 07 17 18 28 29 27/08/2011
1082 11 12 16 20 37 45 31/08/2011
1083 01 05 09 13 27 43 03/09/2011
1084 06 22 29 38 39 43 07/09/2011
1085 11 17 19 30 34 37 10/09/2011
1086 02 12 15 31 32 37 14/09/2011
1087 03 11 16 22 28 35 17/09/2011
1088 09 16 21 22 33 40 21/09/2011
1089 01 03 12 17 24 45 24/09/2011
1090 08 10 11 30 32 35 28/09/2011
1091 03 08 25 29 39 40 01/10/2011
1092 15 18 25 27 28 39 05/10/2011
1093 07 10 15 18 19 42 08/10/2011
1094 18 19 30 39 42 43 12/10/2011
1095 01 15 20 25 26 32 15/10/2011
1096 07 12 13 20 22 40 19/10/2011
1097 15 19 21 23 25 31 22/10/2011
1098 05 16 25 33 35 40 26/10/2011
1099 09 14 19 25 32 45 29/10/2011
1100 03 07 14 17 25 39 02/11/2011
1101 10 15 16 19 21 45 05/11/2011
1102 02 08 15 16 30 45 09/11/2011
1103 10 18 21 32 36 44 12/11/2011
1104 07 23 26 28 39 45 16/11/2011
1105 02 15 17 20 30 40 19/11/2011
1106 04 08 16 18 31 41 23/11/2011
1107 01 03 08 10 36 42 26/11/2011
1108 01 06 07 20 33 37 30/11/2011
1109 07 22 24 34 35 39 03/12/2011
1110 01 06 16 23 38 44 07/12/2011
1111 13 21 25 26 39 44 10/12/2011
1112 03 04 09 13 30 33 14/12/2011
1113 22 26 30 35 38 42 17/12/2011
1114 07 21 22 31 43 45 21/12/2011
1115 04 08 20 21 28 36 24/12/2011
1116 03 08 12 14 24 42 28/12/2011
1117 10 11 15 24 40 44 31/12/2011
1118 10 29 31 36 38 39 04/01/2012
1119 06 09 20 22 23 26 07/01/2012
1120 07 15 19 34 36 44 11/01/2012
1121 01 08 15 22 25 39 14/01/2012
1122 14 20 24 32 36 43 18/01/2012
1123 14 17 27 37 42 43 21/01/2012
1124 07 16 29 33 37 45 25/01/2012
1125 13 22 34 38 40 41 28/01/2012
1126 06 15 21 35 43 45 01/02/2012
1127 01 04 19 22 34 37 04/02/2012
1128 02 15 33 34 40 42 08/02/2012
1129 01 03 07 08 09 38 11/02/2012
1130 07 08 10 20 21 31 15/02/2012
1131 11 12 16 20 41 42 18/02/2012
1132 12 19 23 24 31 40 22/02/2012
1133 03 18 26 27 35 44 25/02/2012
1134 09 10 20 25 28 35 29/02/2012
1135 06 18 19 23 25 26 03/03/2012
1136 02 13 16 30 35 45 07/03/2012
1137 08 22 37 41 42 43 10/03/2012
1138 02 06 11 20 26 42 14/03/2012
1139 09 15 18 19 22 34 17/03/2012
1140 06 09 12 19 40 42 21/03/2012
1141 02 06 07 35 42 45 24/03/2012
1142 01 02 08 09 17 35 28/03/2012
1143 04 11 24 26 32 41 31/03/2012
1144 19 20 25 26 31 32 04/04/2012
1145 10 19 26 34 36 37 07/04/2012
1146 05 15 20 21 40 45 11/04/2012
1147 01 06 13 15 22 44 14/04/2012
1148 02 26 29 40 43 45 18/04/2012
1149 01 03 22 27 39 42 21/04/2012
1150 02 11 14 26 29 42 25/04/2012
1151 02 04 11 13 26 32 28/04/2012
1152 12 19 26 29 34 36 02/05/2012
1153 13 16 24 26 35 36 05/05/2012
1154 11 15 20 22 28 43 09/05/2012
1155 25 30 33 35 40 41 12/05/2012
1156 03 06 30 36 37 45 16/05/2012
1157 15 27 30 34 39 42 19/05/2012
1158 10 21 23 28 29 32 23/05/2012
1159 06 11 12 21 34 44 26/05/2012
1160 06 07 17 22 35 39 30/05/2012
